1000.000 5.153419E+11
1100.000 5.482790E+11
1200.000 5.800771E+11
1300.000 6.108496E+11
1400.000 6.406898E+11
1500.000 6.696758E+11
1600.000 6.978736E+11
1700.000 7.253402E+11
1800.000 7.521245E+11
1900.000 7.782696E+11
2000.000 8.038130E+11
2100.000 8.287884E+11
2200.000 8.532257E+11
2300.000 8.771516E+11
2400.000 9.005903E+11
2500.000 9.235638E+11
2600.000 9.460920E+11
2700.000 9.681932E+11
2800.000 9.898842E+11
2900.000 1.011180E+12
3000.000 1.032096E+12
3100.000 1.052644E+12
3200.000 1.072836E+12
3300.000 1.092685E+12
3400.000 1.112201E+12
3500.000 1.131394E+12
3600.000 1.150273E+12
3700.000 1.168847E+12
3800.000 1.187125E+12
3900.000 1.205113E+12
4000.000 1.222820E+12
4100.000 1.240253E+12
4200.000 1.257417E+12
4300.000 1.274321E+12
4400.000 1.290968E+12
4500.000 1.307366E+12
4600.000 1.323519E+12
4700.000 1.339434E+12
4800.000 1.355114E+12
4900.000 1.370564E+12
5000.000 1.385790E+12
5100.000 1.400795E+12
5200.000 1.415584E+12
5300.000 1.430161E+12
5400.000 1.444529E+12
5500.000 1.458693E+12
5600.000 1.472656E+12
5700.000 1.486421E+12
5800.000 1.499992E+12
5900.000 1.513372E+12
6000.000 1.526564E+12
6100.000 1.539571E+12
6200.000 1.552397E+12
6300.000 1.565043E+12
6400.000 1.577514E+12
6500.000 1.589810E+12
6600.000 1.601936E+12
6700.000 1.613894E+12
6800.000 1.625685E+12
6900.000 1.637313E+12
7000.000 1.648780E+12
7100.000 1.660087E+12
7200.000 1.671238E+12
7300.000 1.682235E+12
7400.000 1.693078E+12
7500.000 1.703771E+12
7600.000 1.714316E+12
7700.000 1.724714E+12
7800.000 1.734967E+12
7900.000 1.745078E+12
8000.000 1.755047E+12
8100.000 1.764878E+12
8200.000 1.774570E+12
8300.000 1.784127E+12
8400.000 1.793550E+12
8500.000 1.802840E+12
8600.000 1.811999E+12
8700.000 1.821029E+12
8800.000 1.829931E+12
8900.000 1.838706E+12
9000.000 1.847357E+12
9100.000 1.855884E+12
9200.000 1.864289E+12
9300.000 1.872573E+12
9400.000 1.880739E+12
9500.000 1.888786E+12
9600.000 1.896716E+12
9700.000 1.904531E+12
9800.000 1.912232E+12
9900.000 1.919820E+12
10000.000 1.927296E+12
10100.000 1.934662E+12
10200.000 1.941919E+12
10300.000 1.949068E+12
10400.000 1.956109E+12
10500.000 1.963045E+12
10600.000 1.969876E+12
10700.000 1.976604E+12
10800.000 1.983229E+12
10900.000 1.989752E+12
11000.000 1.996175E+12
11100.000 2.002499E+12
11200.000 2.008724E+12
11300.000 2.014852E+12
11400.000 2.020883E+12
11500.000 2.026819E+12
11600.000 2.032660E+12
11700.000 2.038408E+12
11800.000 2.044063E+12
11900.000 2.049627E+12
12000.000 2.055099E+12
12100.000 2.060482E+12
12200.000 2.065776E+12
12300.000 2.070981E+12
12400.000 2.076100E+12
12500.000 2.081131E+12
12600.000 2.086078E+12
12700.000 2.090939E+12
12800.000 2.095716E+12
12900.000 2.100410E+12
13000.000 2.105022E+12
13100.000 2.109552E+12
13200.000 2.114002E+12
13300.000 2.118371E+12
13400.000 2.122661E+12
13500.000 2.126873E+12
13600.000 2.131006E+12
13700.000 2.135063E+12
13800.000 2.139043E+12
13900.000 2.142947E+12
14000.000 2.146777E+12
14100.000 2.150532E+12
14200.000 2.154214E+12
14300.000 2.157823E+12
14400.000 2.161360E+12
14500.000 2.164825E+12
14600.000 2.168219E+12
14700.000 2.171544E+12
14800.000 2.174798E+12
14900.000 2.177984E+12
15000.000 2.181101E+12
15100.000 2.184151E+12
15200.000 2.187133E+12
15300.000 2.190050E+12
15400.000 2.192900E+12
15500.000 2.195685E+12
15600.000 2.198406E+12
15700.000 2.201062E+12
15800.000 2.203655E+12
15900.000 2.206185E+12
16000.000 2.208653E+12
16100.000 2.211059E+12
16200.000 2.213404E+12
16300.000 2.215688E+12
16400.000 2.217912E+12
16500.000 2.220076E+12
16600.000 2.222182E+12
16700.000 2.224229E+12
16800.000 2.226218E+12
16900.000 2.228150E+12
17000.000 2.230024E+12
17100.000 2.231843E+12
17200.000 2.233605E+12
17300.000 2.235312E+12
17400.000 2.236964E+12
17500.000 2.238562E+12
17600.000 2.240106E+12
17700.000 2.241596E+12
17800.000 2.243034E+12
17900.000 2.244419E+12
18000.000 2.245752E+12
18100.000 2.247033E+12
18200.000 2.248264E+12
18300.000 2.249444E+12
18400.000 2.250573E+12
18500.000 2.251653E+12
18600.000 2.252684E+12
18700.000 2.253666E+12
18800.000 2.254600E+12
18900.000 2.255485E+12
19000.000 2.256323E+12
19100.000 2.257114E+12
19200.000 2.257859E+12
19300.000 2.258557E+12
19400.000 2.259209E+12
19500.000 2.259816E+12
19600.000 2.260378E+12
19700.000 2.260895E+12
19800.000 2.261368E+12
19900.000 2.261798E+12
20000.000 2.262184E+12
20100.000 2.262527E+12
20200.000 2.262827E+12
20300.000 2.263085E+12
20400.000 2.263302E+12
20500.000 2.263477E+12
20600.000 2.263610E+12
20700.000 2.263703E+12
20800.000 2.263756E+12
20900.000 2.263769E+12
21000.000 2.263742E+12
21100.000 2.263676E+12
21200.000 2.263571E+12
21300.000 2.263427E+12
21400.000 2.263245E+12
21500.000 2.263026E+12
21600.000 2.262769E+12
21700.000 2.262475E+12
21800.000 2.262144E+12
21900.000 2.261776E+12
22000.000 2.261372E+12
22100.000 2.260933E+12
22200.000 2.260458E+12
22300.000 2.259948E+12
22400.000 2.259403E+12
22500.000 2.258824E+12
22600.000 2.258211E+12
22700.000 2.257563E+12
22800.000 2.256882E+12
22900.000 2.256168E+12
23000.000 2.255421E+12
23100.000 2.254641E+12
23200.000 2.253829E+12
23300.000 2.252985E+12
23400.000 2.252110E+12
23500.000 2.251203E+12
23600.000 2.250264E+12
23700.000 2.249295E+12
23800.000 2.248296E+12
23900.000 2.247266E+12
24000.000 2.246206E+12
24100.000 2.245117E+12
24200.000 2.243998E+12
24300.000 2.242850E+12
24400.000 2.241673E+12
24500.000 2.240468E+12
24600.000 2.239235E+12
24700.000 2.237973E+12
24800.000 2.236684E+12
24900.000 2.235367E+12
25000.000 2.234023E+12
25100.000 2.232652E+12
25200.000 2.231254E+12
25300.000 2.229830E+12
25400.000 2.228380E+12
25500.000 2.226904E+12
25600.000 2.225402E+12
25700.000 2.223874E+12
25800.000 2.222322E+12
25900.000 2.220745E+12
26000.000 2.219143E+12
26100.000 2.217516E+12
26200.000 2.215866E+12
26300.000 2.214191E+12
26400.000 2.212493E+12
26500.000 2.210771E+12
26600.000 2.209026E+12
26700.000 2.207258E+12
26800.000 2.205468E+12
26900.000 2.203654E+12
27000.000 2.201819E+12
27100.000 2.199961E+12
27200.000 2.198082E+12
27300.000 2.196180E+12
27400.000 2.194258E+12
27500.000 2.192314E+12
27600.000 2.190349E+12
27700.000 2.188364E+12
27800.000 2.186358E+12
27900.000 2.184331E+12
28000.000 2.182284E+12
28100.000 2.180218E+12
28200.000 2.178132E+12
28300.000 2.176026E+12
28400.000 2.173901E+12
28500.000 2.171757E+12
28600.000 2.169594E+12
28700.000 2.167412E+12
28800.000 2.165212E+12
28900.000 2.162993E+12
29000.000 2.160757E+12
29100.000 2.158502E+12
29200.000 2.156230E+12
29300.000 2.153940E+12
29400.000 2.151633E+12
29500.000 2.149309E+12
29600.000 2.146968E+12
29700.000 2.144610E+12
29800.000 2.142235E+12
29900.000 2.139844E+12
30000.000 2.137437E+12
30100.000 2.135014E+12
30200.000 2.132575E+12
30300.000 2.130120E+12
30400.000 2.127649E+12
30500.000 2.125164E+12
30600.000 2.122663E+12
30700.000 2.120147E+12
30800.000 2.117616E+12
30900.000 2.115071E+12
31000.000 2.112511E+12
31100.000 2.109937E+12
31200.000 2.107349E+12
31300.000 2.104747E+12
31400.000 2.102131E+12
31500.000 2.099501E+12
31600.000 2.096858E+12
31700.000 2.094202E+12
31800.000 2.091532E+12
31900.000 2.088849E+12
32000.000 2.086154E+12
32100.000 2.083445E+12
32200.000 2.080725E+12
32300.000 2.077991E+12
32400.000 2.075246E+12
32500.000 2.072488E+12
32600.000 2.069719E+12
32700.000 2.066938E+12
32800.000 2.064145E+12
32900.000 2.061340E+12
33000.000 2.058524E+12
33100.000 2.055697E+12
33200.000 2.052859E+12
33300.000 2.050010E+12
33400.000 2.047150E+12
33500.000 2.044280E+12
33600.000 2.041399E+12
33700.000 2.038508E+12
33800.000 2.035606E+12
33900.000 2.032694E+12
34000.000 2.029773E+12
34100.000 2.026841E+12
34200.000 2.023900E+12
34300.000 2.020950E+12
34400.000 2.017989E+12
34500.000 2.015020E+12
34600.000 2.012041E+12
34700.000 2.009054E+12
34800.000 2.006057E+12
34900.000 2.003052E+12
35000.000 2.000038E+12
35100.000 1.997015E+12
35200.000 1.993984E+12
35300.000 1.990945E+12
35400.000 1.987897E+12
35500.000 1.984842E+12
35600.000 1.981778E+12
35700.000 1.978707E+12
35800.000 1.975628E+12
35900.000 1.972541E+12
36000.000 1.969447E+12
36100.000 1.966346E+12
36200.000 1.963237E+12
36300.000 1.960121E+12
36400.000 1.956998E+12
36500.000 1.953869E+12
36600.000 1.950732E+12
36700.000 1.947589E+12
36800.000 1.944439E+12
36900.000 1.941283E+12
37000.000 1.938120E+12
37100.000 1.934952E+12
37200.000 1.931777E+12
37300.000 1.928596E+12
37400.000 1.925409E+12
37500.000 1.922216E+12
37600.000 1.919017E+12
37700.000 1.915813E+12
37800.000 1.912604E+12
37900.000 1.909389E+12
38000.000 1.906168E+12
38100.000 1.902943E+12
38200.000 1.899712E+12
38300.000 1.896476E+12
38400.000 1.893235E+12
38500.000 1.889990E+12
38600.000 1.886739E+12
38700.000 1.883484E+12
38800.000 1.880225E+12
38900.000 1.876961E+12
39000.000 1.873693E+12
39100.000 1.870420E+12
39200.000 1.867143E+12
39300.000 1.863862E+12
39400.000 1.860577E+12
39500.000 1.857288E+12
39600.000 1.853996E+12
39700.000 1.850699E+12
39800.000 1.847399E+12
39900.000 1.844096E+12
40000.000 1.840788E+12
40100.000 1.837478E+12
40200.000 1.834164E+12
40300.000 1.830847E+12
40400.000 1.827527E+12
40500.000 1.824203E+12
40600.000 1.820877E+12
40700.000 1.817548E+12
40800.000 1.814216E+12
40900.000 1.810881E+12
41000.000 1.807543E+12
41100.000 1.804203E+12
41200.000 1.800861E+12
41300.000 1.797516E+12
41400.000 1.794168E+12
41500.000 1.790818E+12
41600.000 1.787467E+12
41700.000 1.784112E+12
41800.000 1.780756E+12
41900.000 1.777398E+12
42000.000 1.774038E+12
42100.000 1.770676E+12
42200.000 1.767313E+12
42300.000 1.763947E+12
42400.000 1.760580E+12
42500.000 1.757212E+12
42600.000 1.753842E+12
42700.000 1.750470E+12
42800.000 1.747098E+12
42900.000 1.743723E+12
43000.000 1.740348E+12
43100.000 1.736972E+12
43200.000 1.733594E+12
43300.000 1.730215E+12
43400.000 1.726836E+12
43500.000 1.723455E+12
43600.000 1.720074E+12
43700.000 1.716692E+12
43800.000 1.713309E+12
43900.000 1.709926E+12
44000.000 1.706542E+12
44100.000 1.703157E+12
44200.000 1.699772E+12
44300.000 1.696387E+12
44400.000 1.693001E+12
44500.000 1.689615E+12
44600.000 1.686229E+12
44700.000 1.682843E+12
44800.000 1.679456E+12
44900.000 1.676070E+12
45000.000 1.672683E+12
45100.000 1.669297E+12
45200.000 1.665910E+12
45300.000 1.662524E+12
45400.000 1.659138E+12
45500.000 1.655753E+12
45600.000 1.652367E+12
45700.000 1.648982E+12
45800.000 1.645598E+12
45900.000 1.642214E+12
46000.000 1.638831E+12
46100.000 1.635448E+12
46200.000 1.632066E+12
46300.000 1.628684E+12
46400.000 1.625304E+12
46500.000 1.621924E+12
46600.000 1.618545E+12
46700.000 1.615166E+12
46800.000 1.611789E+12
46900.000 1.608413E+12
47000.000 1.605038E+12
47100.000 1.601664E+12
47200.000 1.598291E+12
47300.000 1.594919E+12
47400.000 1.591549E+12
47500.000 1.588180E+12
47600.000 1.584812E+12
47700.000 1.581445E+12
47800.000 1.578080E+12
47900.000 1.574717E+12
48000.000 1.571354E+12
48100.000 1.567994E+12
48200.000 1.564635E+12
48300.000 1.561278E+12
48400.000 1.557922E+12
48500.000 1.554568E+12
48600.000 1.551216E+12
48700.000 1.547865E+12
48800.000 1.544517E+12
48900.000 1.541170E+12
49000.000 1.537825E+12
49100.000 1.534483E+12
49200.000 1.531142E+12
49300.000 1.527803E+12
49400.000 1.524467E+12
49500.000 1.521132E+12
49600.000 1.517800E+12
49700.000 1.514469E+12
49800.000 1.511141E+12
49900.000 1.507816E+12
50000.000 1.504492E+12
50100.000 1.501171E+12
50200.000 1.497852E+12
50300.000 1.494536E+12
50400.000 1.491222E+12
50500.000 1.487911E+12
50600.000 1.484602E+12
50700.000 1.481296E+12
50800.000 1.477992E+12
50900.000 1.474691E+12
51000.000 1.471393E+12
51100.000 1.468097E+12
51200.000 1.464804E+12
51300.000 1.461513E+12
51400.000 1.458226E+12
51500.000 1.454941E+12
51600.000 1.451659E+12
51700.000 1.448380E+12
51800.000 1.445104E+12
51900.000 1.441831E+12
52000.000 1.438561E+12
52100.000 1.435293E+12
52200.000 1.432029E+12
52300.000 1.428768E+12
52400.000 1.425510E+12
52500.000 1.422255E+12
52600.000 1.419003E+12
52700.000 1.415754E+12
52800.000 1.412509E+12
52900.000 1.409267E+12
53000.000 1.406028E+12
53100.000 1.402792E+12
53200.000 1.399559E+12
53300.000 1.396330E+12
53400.000 1.393105E+12
53500.000 1.389882E+12
53600.000 1.386663E+12
53700.000 1.383448E+12
53800.000 1.380235E+12
53900.000 1.377027E+12
54000.000 1.373822E+12
54100.000 1.370620E+12
54200.000 1.367422E+12
54300.000 1.364228E+12
54400.000 1.361037E+12
54500.000 1.357850E+12
54600.000 1.354666E+12
54700.000 1.351486E+12
54800.000 1.348310E+12
54900.000 1.345137E+12
55000.000 1.341968E+12
55100.000 1.338803E+12
55200.000 1.335642E+12
55300.000 1.332485E+12
55400.000 1.329331E+12
55500.000 1.326181E+12
55600.000 1.323035E+12
55700.000 1.319893E+12
55800.000 1.316755E+12
55900.000 1.313621E+12
56000.000 1.310490E+12
56100.000 1.307364E+12
56200.000 1.304242E+12
56300.000 1.301123E+12
56400.000 1.298009E+12
56500.000 1.294898E+12
56600.000 1.291792E+12
56700.000 1.288690E+12
56800.000 1.285592E+12
56900.000 1.282498E+12
57000.000 1.279408E+12
57100.000 1.276322E+12
57200.000 1.273241E+12
57300.000 1.270163E+12
57400.000 1.267090E+12
57500.000 1.264021E+12
57600.000 1.260956E+12
57700.000 1.257896E+12
57800.000 1.254839E+12
57900.000 1.251787E+12
58000.000 1.248740E+12
58100.000 1.245696E+12
58200.000 1.242657E+12
58300.000 1.239622E+12
58400.000 1.236592E+12
58500.000 1.233566E+12
58600.000 1.230544E+12
58700.000 1.227527E+12
58800.000 1.224514E+12
58900.000 1.221505E+12
59000.000 1.218501E+12
59100.000 1.215501E+12
59200.000 1.212506E+12
59300.000 1.209515E+12
59400.000 1.206529E+12
59500.000 1.203547E+12
59600.000 1.200570E+12
59700.000 1.197597E+12
59800.000 1.194629E+12
59900.000 1.191666E+12
60000.000 1.188707E+12
60100.000 1.185752E+12
60200.000 1.182802E+12
60300.000 1.179857E+12
60400.000 1.176916E+12
60500.000 1.173980E+12
60600.000 1.171048E+12
60700.000 1.168121E+12
60800.000 1.165199E+12
60900.000 1.162281E+12
61000.000 1.159368E+12
61100.000 1.156460E+12
61200.000 1.153556E+12
61300.000 1.150657E+12
61400.000 1.147763E+12
61500.000 1.144874E+12
61600.000 1.141989E+12
61700.000 1.139109E+12
61800.000 1.136233E+12
61900.000 1.133363E+12
62000.000 1.130497E+12
62100.000 1.127636E+12
62200.000 1.124780E+12
62300.000 1.121928E+12
62400.000 1.119081E+12
62500.000 1.116239E+12
62600.000 1.113402E+12
62700.000 1.110570E+12
62800.000 1.107742E+12
62900.000 1.104919E+12
63000.000 1.102102E+12
63100.000 1.099289E+12
63200.000 1.096480E+12
63300.000 1.093677E+12
63400.000 1.090878E+12
63500.000 1.088085E+12
63600.000 1.085296E+12
63700.000 1.082512E+12
63800.000 1.079733E+12
63900.000 1.076959E+12
64000.000 1.074190E+12
64100.000 1.071425E+12
64200.000 1.068666E+12
64300.000 1.065911E+12
64400.000 1.063162E+12
64500.000 1.060417E+12
64600.000 1.057677E+12
64700.000 1.054942E+12
64800.000 1.052212E+12
64900.000 1.049487E+12
65000.000 1.046767E+12
65100.000 1.044052E+12
65200.000 1.041342E+12
65300.000 1.038637E+12
65400.000 1.035936E+12
65500.000 1.033241E+12
65600.000 1.030551E+12
65700.000 1.027865E+12
65800.000 1.025185E+12
65900.000 1.022510E+12
66000.000 1.019839E+12
66100.000 1.017174E+12
66200.000 1.014513E+12
66300.000 1.011858E+12
66400.000 1.009207E+12
66500.000 1.006562E+12
66600.000 1.003921E+12
66700.000 1.001286E+12
66800.000 9.986554E+11
66900.000 9.960299E+11
67000.000 9.934095E+11
67100.000 9.907940E+11
67200.000 9.881836E+11
67300.000 9.855781E+11
67400.000 9.829777E+11
67500.000 9.803823E+11
67600.000 9.777920E+11
67700.000 9.752066E+11
67800.000 9.726263E+11
67900.000 9.700510E+11
68000.000 9.674807E+11
68100.000 9.649154E+11
68200.000 9.623552E+11
68300.000 9.598000E+11
68400.000 9.572498E+11
68500.000 9.547047E+11
68600.000 9.521645E+11
68700.000 9.496295E+11
68800.000 9.470994E+11
68900.000 9.445744E+11
69000.000 9.420544E+11
69100.000 9.395395E+11
69200.000 9.370296E+11
69300.000 9.345247E+11
69400.000 9.320248E+11
69500.000 9.295300E+11
69600.000 9.270402E+11
69700.000 9.245555E+11
69800.000 9.220758E+11
69900.000 9.196011E+11
70000.000 9.171315E+11
70100.000 9.146668E+11
70200.000 9.122073E+11
70300.000 9.097527E+11
70400.000 9.073032E+11
70500.000 9.048587E+11
70600.000 9.024192E+11
70700.000 8.999848E+11
70800.000 8.975554E+11
70900.000 8.951310E+11
71000.000 8.927117E+11
71100.000 8.902973E+11
71200.000 8.878880E+11
71300.000 8.854837E+11
71400.000 8.830844E+11
71500.000 8.806902E+11
71600.000 8.783010E+11
71700.000 8.759167E+11
71800.000 8.735375E+11
71900.000 8.711633E+11
72000.000 8.687941E+11
72100.000 8.664299E+11
72200.000 8.640708E+11
72300.000 8.617166E+11
72400.000 8.593674E+11
72500.000 8.570232E+11
72600.000 8.546840E+11
72700.000 8.523498E+11
72800.000 8.500206E+11
72900.000 8.476964E+11
73000.000 8.453772E+11
73100.000 8.430630E+11
73200.000 8.407537E+11
73300.000 8.384494E+11
73400.000 8.361501E+11
73500.000 8.338558E+11
73600.000 8.315665E+11
73700.000 8.292821E+11
73800.000 8.270026E+11
73900.000 8.247282E+11
74000.000 8.224587E+11
74100.000 8.201941E+11
74200.000 8.179345E+11
74300.000 8.156799E+11
74400.000 8.134301E+11
74500.000 8.111854E+11
74600.000 8.089456E+11
74700.000 8.067107E+11
74800.000 8.044807E+11
74900.000 8.022557E+11
75000.000 8.000356E+11
75100.000 7.978204E+11
75200.000 7.956101E+11
75300.000 7.934047E+11
75400.000 7.912043E+11
75500.000 7.890087E+11
75600.000 7.868181E+11
75700.000 7.846324E+11
75800.000 7.824515E+11
75900.000 7.802755E+11
76000.000 7.781045E+11
76100.000 7.759383E+11
76200.000 7.737769E+11
76300.000 7.716205E+11
76400.000 7.694689E+11
76500.000 7.673222E+11
76600.000 7.651803E+11
76700.000 7.630433E+11
76800.000 7.609112E+11
76900.000 7.587839E+11
77000.000 7.566614E+11
77100.000 7.545438E+11
77200.000 7.524310E+11
77300.000 7.503230E+11
77400.000 7.482199E+11
77500.000 7.461215E+11
77600.000 7.440280E+11
77700.000 7.419393E+11
77800.000 7.398554E+11
77900.000 7.377763E+11
78000.000 7.357020E+11
78100.000 7.336325E+11
78200.000 7.315677E+11
78300.000 7.295078E+11
78400.000 7.274526E+11
78500.000 7.254022E+11
78600.000 7.233565E+11
78700.000 7.213156E+11
78800.000 7.192795E+11
78900.000 7.172480E+11
79000.000 7.152214E+11
79100.000 7.131995E+11
79200.000 7.111823E+11
79300.000 7.091698E+11
79400.000 7.071621E+11
79500.000 7.051590E+11
79600.000 7.031607E+11
79700.000 7.011671E+11
79800.000 6.991782E+11
79900.000 6.971939E+11
80000.000 6.952144E+11
80100.000 6.932395E+11
80200.000 6.912693E+11
80300.000 6.893038E+11
80400.000 6.873430E+11
80500.000 6.853868E+11
80600.000 6.834352E+11
80700.000 6.814883E+11
80800.000 6.795461E+11
80900.000 6.776085E+11
81000.000 6.756755E+11
81100.000 6.737471E+11
81200.000 6.718233E+11
81300.000 6.699042E+11
81400.000 6.679897E+11
81500.000 6.660797E+11
81600.000 6.641744E+11
81700.000 6.622736E+11
81800.000 6.603774E+11
81900.000 6.584858E+11
82000.000 6.565988E+11
82100.000 6.547163E+11
82200.000 6.528384E+11
82300.000 6.509650E+11
82400.000 6.490962E+11
82500.000 6.472319E+11
82600.000 6.453721E+11
82700.000 6.435168E+11
82800.000 6.416661E+11
82900.000 6.398199E+11
83000.000 6.379782E+11
83100.000 6.361410E+11
83200.000 6.343082E+11
83300.000 6.324800E+11
83400.000 6.306562E+11
83500.000 6.288370E+11
83600.000 6.270221E+11
83700.000 6.252118E+11
83800.000 6.234059E+11
83900.000 6.216044E+11
84000.000 6.198074E+11
84100.000 6.180148E+11
84200.000 6.162266E+11
84300.000 6.144428E+11
84400.000 6.126635E+11
84500.000 6.108886E+11
84600.000 6.091180E+11
84700.000 6.073519E+11
84800.000 6.055901E+11
84900.000 6.038327E+11
85000.000 6.020797E+11
85100.000 6.003311E+11
85200.000 5.985868E+11
85300.000 5.968469E+11
85400.000 5.951113E+11
85500.000 5.933800E+11
85600.000 5.916531E+11
85700.000 5.899305E+11
85800.000 5.882122E+11
85900.000 5.864982E+11
86000.000 5.847886E+11
86100.000 5.830832E+11
86200.000 5.813821E+11
86300.000 5.796853E+11
86400.000 5.779928E+11
86500.000 5.763045E+11
86600.000 5.746205E+11
86700.000 5.729407E+11
86800.000 5.712652E+11
86900.000 5.695940E+11
87000.000 5.679269E+11
87100.000 5.662641E+11
87200.000 5.646055E+11
87300.000 5.629512E+11
87400.000 5.613010E+11
87500.000 5.596550E+11
87600.000 5.580132E+11
87700.000 5.563756E+11
87800.000 5.547422E+11
87900.000 5.531129E+11
88000.000 5.514878E+11
88100.000 5.498669E+11
88200.000 5.482501E+11
88300.000 5.466374E+11
88400.000 5.450289E+11
88500.000 5.434245E+11
88600.000 5.418242E+11
88700.000 5.402280E+11
88800.000 5.386360E+11
88900.000 5.370480E+11
89000.000 5.354641E+11
89100.000 5.338843E+11
89200.000 5.323085E+11
89300.000 5.307369E+11
89400.000 5.291693E+11
89500.000 5.276057E+11
89600.000 5.260462E+11
89700.000 5.244907E+11
89800.000 5.229393E+11
89900.000 5.213919E+11
90000.000 5.198485E+11
90100.000 5.183091E+11
90200.000 5.167737E+11
90300.000 5.152423E+11
90400.000 5.137149E+11
90500.000 5.121914E+11
90600.000 5.106719E+11
90700.000 5.091564E+11
90800.000 5.076449E+11
90900.000 5.061373E+11
91000.000 5.046336E+11
91100.000 5.031339E+11
91200.000 5.016381E+11
91300.000 5.001462E+11
91400.000 4.986583E+11
91500.000 4.971742E+11
91600.000 4.956941E+11
91700.000 4.942178E+11
91800.000 4.927454E+11
91900.000 4.912769E+11
92000.000 4.898122E+11
92100.000 4.883515E+11
92200.000 4.868945E+11
92300.000 4.854414E+11
92400.000 4.839922E+11
92500.000 4.825468E+11
92600.000 4.811052E+11
92700.000 4.796674E+11
92800.000 4.782334E+11
92900.000 4.768032E+11
93000.000 4.753768E+11
93100.000 4.739542E+11
93200.000 4.725354E+11
93300.000 4.711204E+11
93400.000 4.697091E+11
93500.000 4.683016E+11
93600.000 4.668978E+11
93700.000 4.654978E+11
93800.000 4.641015E+11
93900.000 4.627089E+11
94000.000 4.613200E+11
94100.000 4.599349E+11
94200.000 4.585534E+11
94300.000 4.571757E+11
94400.000 4.558016E+11
94500.000 4.544312E+11
94600.000 4.530645E+11
94700.000 4.517015E+11
94800.000 4.503421E+11
94900.000 4.489864E+11
95000.000 4.476343E+11
95100.000 4.462858E+11
95200.000 4.449410E+11
95300.000 4.435998E+11
95400.000 4.422622E+11
95500.000 4.409282E+11
95600.000 4.395979E+11
95700.000 4.382711E+11
95800.000 4.369479E+11
95900.000 4.356282E+11
96000.000 4.343122E+11
96100.000 4.329997E+11
96200.000 4.316908E+11
96300.000 4.303854E+11
96400.000 4.290835E+11
96500.000 4.277852E+11
96600.000 4.264904E+11
96700.000 4.251991E+11
96800.000 4.239113E+11
96900.000 4.226271E+11
97000.000 4.213463E+11
97100.000 4.200690E+11
97200.000 4.187952E+11
97300.000 4.175249E+11
97400.000 4.162580E+11
97500.000 4.149946E+11
97600.000 4.137347E+11
97700.000 4.124781E+11
97800.000 4.112251E+11
97900.000 4.099754E+11
98000.000 4.087292E+11
98100.000 4.074864E+11
98200.000 4.062470E+11
98300.000 4.050110E+11
98400.000 4.037783E+11
98500.000 4.025491E+11
98600.000 4.013233E+11
98700.000 4.001008E+11
98800.000 3.988817E+11
98900.000 3.976659E+11
99000.000 3.964535E+11
99100.000 3.952444E+11
99200.000 3.940386E+11
99300.000 3.928362E+11
99400.000 3.916371E+11
99500.000 3.904413E+11
99600.000 3.892488E+11
99700.000 3.880596E+11
99800.000 3.868737E+11
99900.000 3.856911E+11
100000.000 3.845118E+11
100100.000 3.833357E+11
100200.000 3.821629E+11
100300.000 3.809933E+11
100400.000 3.798270E+11
100500.000 3.786639E+11
100600.000 3.775041E+11
100700.000 3.763474E+11
100800.000 3.751940E+11
100900.000 3.740438E+11
101000.000 3.728968E+11
101100.000 3.717530E+11
101200.000 3.706124E+11
101300.000 3.694750E+11
101400.000 3.683407E+11
101500.000 3.672096E+11
101600.000 3.660817E+11
101700.000 3.649569E+11
101800.000 3.638352E+11
101900.000 3.627167E+11
102000.000 3.616014E+11
102100.000 3.604891E+11
102200.000 3.593800E+11
102300.000 3.582740E+11
102400.000 3.571710E+11
102500.000 3.560712E+11
102600.000 3.549745E+11
102700.000 3.538808E+11
102800.000 3.527902E+11
102900.000 3.517027E+11
103000.000 3.506182E+11
103100.000 3.495368E+11
103200.000 3.484584E+11
103300.000 3.473831E+11
103400.000 3.463108E+11
103500.000 3.452415E+11
103600.000 3.441753E+11
103700.000 3.431120E+11
103800.000 3.420518E+11
103900.000 3.409945E+11
104000.000 3.399403E+11
104100.000 3.388890E+11
104200.000 3.378407E+11
104300.000 3.367954E+11
104400.000 3.357530E+11
104500.000 3.347136E+11
104600.000 3.336771E+11
104700.000 3.326436E+11
104800.000 3.316130E+11
104900.000 3.305853E+11
105000.000 3.295605E+11
105100.000 3.285387E+11
105200.000 3.275197E+11
105300.000 3.265037E+11
105400.000 3.254905E+11
105500.000 3.244803E+11
105600.000 3.234729E+11
105700.000 3.224684E+11
105800.000 3.214667E+11
105900.000 3.204679E+11
106000.000 3.194720E+11
106100.000 3.184789E+11
106200.000 3.174886E+11
106300.000 3.165012E+11
106400.000 3.155166E+11
106500.000 3.145348E+11
106600.000 3.135558E+11
106700.000 3.125796E+11
106800.000 3.116062E+11
106900.000 3.106356E+11
107000.000 3.096678E+11
107100.000 3.087028E+11
107200.000 3.077405E+11
107300.000 3.067810E+11
107400.000 3.058242E+11
107500.000 3.048702E+11
107600.000 3.039190E+11
107700.000 3.029704E+11
107800.000 3.020246E+11
107900.000 3.010816E+11
108000.000 3.001412E+11
108100.000 2.992035E+11
108200.000 2.982686E+11
108300.000 2.973363E+11
108400.000 2.964068E+11
108500.000 2.954799E+11
108600.000 2.945557E+11
108700.000 2.936341E+11
108800.000 2.927153E+11
108900.000 2.917990E+11
109000.000 2.908855E+11
109100.000 2.899746E+11
109200.000 2.890663E+11
109300.000 2.881606E+11
109400.000 2.872576E+11
109500.000 2.863571E+11
109600.000 2.854593E+11
109700.000 2.845641E+11
109800.000 2.836715E+11
109900.000 2.827815E+11
110000.000 2.818941E+11
110100.000 2.810092E+11
110200.000 2.801269E+11
110300.000 2.792472E+11
110400.000 2.783701E+11
110500.000 2.774955E+11
110600.000 2.766234E+11
110700.000 2.757539E+11
110800.000 2.748869E+11
110900.000 2.740224E+11
111000.000 2.731605E+11
111100.000 2.723011E+11
111200.000 2.714442E+11
111300.000 2.705897E+11
111400.000 2.697378E+11
111500.000 2.688884E+11
111600.000 2.680414E+11
111700.000 2.671970E+11
111800.000 2.663550E+11
111900.000 2.655154E+11
112000.000 2.646784E+11
112100.000 2.638437E+11
112200.000 2.630115E+11
112300.000 2.621818E+11
112400.000 2.613545E+11
112500.000 2.605296E+11
112600.000 2.597071E+11
112700.000 2.588871E+11
112800.000 2.580694E+11
112900.000 2.572542E+11
113000.000 2.564414E+11
113100.000 2.556309E+11
113200.000 2.548228E+11
113300.000 2.540171E+11
113400.000 2.532138E+11
113500.000 2.524129E+11
113600.000 2.516143E+11
113700.000 2.508180E+11
113800.000 2.500241E+11
113900.000 2.492326E+11
114000.000 2.484433E+11
114100.000 2.476565E+11
114200.000 2.468719E+11
114300.000 2.460896E+11
114400.000 2.453097E+11
114500.000 2.445320E+11
114600.000 2.437567E+11
114700.000 2.429837E+11
114800.000 2.422129E+11
114900.000 2.414444E+11
115000.000 2.406782E+11
115100.000 2.399143E+11
115200.000 2.391526E+11
115300.000 2.383932E+11
115400.000 2.376361E+11
115500.000 2.368811E+11
115600.000 2.361285E+11
115700.000 2.353780E+11
115800.000 2.346298E+11
115900.000 2.338838E+11
116000.000 2.331401E+11
116100.000 2.323985E+11
116200.000 2.316591E+11
116300.000 2.309220E+11
116400.000 2.301870E+11
116500.000 2.294543E+11
116600.000 2.287237E+11
116700.000 2.279952E+11
116800.000 2.272690E+11
116900.000 2.265449E+11
117000.000 2.258230E+11
117100.000 2.251032E+11
117200.000 2.243856E+11
117300.000 2.236701E+11
117400.000 2.229568E+11
117500.000 2.222456E+11
117600.000 2.215365E+11
117700.000 2.208295E+11
117800.000 2.201247E+11
117900.000 2.194219E+11
118000.000 2.187213E+11
118100.000 2.180227E+11
118200.000 2.173263E+11
118300.000 2.166319E+11
118400.000 2.159396E+11
118500.000 2.152494E+11
118600.000 2.145612E+11
118700.000 2.138752E+11
118800.000 2.131911E+11
118900.000 2.125092E+11
119000.000 2.118292E+11
119100.000 2.111514E+11
119200.000 2.104755E+11
119300.000 2.098017E+11
119400.000 2.091299E+11
119500.000 2.084602E+11
119600.000 2.077924E+11
119700.000 2.071267E+11
119800.000 2.064629E+11
119900.000 2.058012E+11
120000.000 2.051414E+11
120100.000 2.044837E+11
120200.000 2.038279E+11
120300.000 2.031741E+11
120400.000 2.025223E+11
120500.000 2.018724E+11
120600.000 2.012245E+11
120700.000 2.005785E+11
120800.000 1.999345E+11
120900.000 1.992925E+11
121000.000 1.986524E+11
121100.000 1.980142E+11
121200.000 1.973780E+11
121300.000 1.967436E+11
121400.000 1.961112E+11
121500.000 1.954807E+11
121600.000 1.948522E+11
121700.000 1.942255E+11
121800.000 1.936007E+11
121900.000 1.929778E+11
122000.000 1.923568E+11
122100.000 1.917377E+11
122200.000 1.911205E+11
122300.000 1.905051E+11
122400.000 1.898916E+11
122500.000 1.892799E+11
122600.000 1.886702E+11
122700.000 1.880622E+11
122800.000 1.874562E+11
122900.000 1.868519E+11
123000.000 1.862495E+11
123100.000 1.856489E+11
123200.000 1.850502E+11
123300.000 1.844533E+11
123400.000 1.838582E+11
123500.000 1.832649E+11
123600.000 1.826734E+11
123700.000 1.820837E+11
123800.000 1.814958E+11
123900.000 1.809097E+11
124000.000 1.803254E+11
124100.000 1.797429E+11
124200.000 1.791622E+11
124300.000 1.785832E+11
124400.000 1.780060E+11
124500.000 1.774305E+11
124600.000 1.768568E+11
124700.000 1.762849E+11
124800.000 1.757147E+11
124900.000 1.751463E+11
125000.000 1.745796E+11
125100.000 1.740146E+11
125200.000 1.734513E+11
125300.000 1.728898E+11
125400.000 1.723300E+11
125500.000 1.717719E+11
125600.000 1.712156E+11
125700.000 1.706609E+11
125800.000 1.701079E+11
125900.000 1.695566E+11
126000.000 1.690071E+11
126100.000 1.684592E+11
126200.000 1.679129E+11
126300.000 1.673684E+11
126400.000 1.668255E+11
126500.000 1.662843E+11
126600.000 1.657448E+11
126700.000 1.652069E+11
126800.000 1.646707E+11
126900.000 1.641361E+11
127000.000 1.636031E+11
127100.000 1.630719E+11
127200.000 1.625422E+11
127300.000 1.620142E+11
127400.000 1.614877E+11
127500.000 1.609630E+11
127600.000 1.604398E+11
127700.000 1.599182E+11
127800.000 1.593983E+11
127900.000 1.588799E+11
128000.000 1.583632E+11
128100.000 1.578480E+11
128200.000 1.573345E+11
128300.000 1.568225E+11
128400.000 1.563121E+11
128500.000 1.558033E+11
128600.000 1.552960E+11
128700.000 1.547903E+11
128800.000 1.542862E+11
128900.000 1.537836E+11
129000.000 1.532826E+11
129100.000 1.527832E+11
129200.000 1.522853E+11
129300.000 1.517889E+11
129400.000 1.512940E+11
129500.000 1.508007E+11
129600.000 1.503090E+11
129700.000 1.498187E+11
129800.000 1.493300E+11
129900.000 1.488427E+11
130000.000 1.483570E+11
130100.000 1.478728E+11
130200.000 1.473901E+11
130300.000 1.469089E+11
130400.000 1.464292E+11
130500.000 1.459510E+11
130600.000 1.454742E+11
130700.000 1.449990E+11
130800.000 1.445252E+11
130900.000 1.440529E+11
131000.000 1.435820E+11
131100.000 1.431127E+11
131200.000 1.426447E+11
131300.000 1.421783E+11
131400.000 1.417133E+11
131500.000 1.412497E+11
131600.000 1.407876E+11
131700.000 1.403269E+11
131800.000 1.398676E+11
131900.000 1.394098E+11
132000.000 1.389534E+11
132100.000 1.384985E+11
132200.000 1.380449E+11
132300.000 1.375928E+11
132400.000 1.371420E+11
132500.000 1.366927E+11
132600.000 1.362448E+11
132700.000 1.357983E+11
132800.000 1.353532E+11
132900.000 1.349094E+11
133000.000 1.344671E+11
133100.000 1.340261E+11
133200.000 1.335865E+11
133300.000 1.331483E+11
133400.000 1.327114E+11
133500.000 1.322760E+11
133600.000 1.318418E+11
133700.000 1.314091E+11
133800.000 1.309777E+11
133900.000 1.305476E+11
134000.000 1.301189E+11
134100.000 1.296915E+11
134200.000 1.292655E+11
134300.000 1.288408E+11
134400.000 1.284175E+11
134500.000 1.279954E+11
134600.000 1.275747E+11
134700.000 1.271553E+11
134800.000 1.267372E+11
134900.000 1.263205E+11
135000.000 1.259050E+11
135100.000 1.254909E+11
135200.000 1.250780E+11
135300.000 1.246665E+11
135400.000 1.242562E+11
135500.000 1.238472E+11
135600.000 1.234395E+11
135700.000 1.230331E+11
135800.000 1.226280E+11
135900.000 1.222241E+11
136000.000 1.218216E+11
136100.000 1.214202E+11
136200.000 1.210202E+11
136300.000 1.206214E+11
136400.000 1.202238E+11
136500.000 1.198275E+11
136600.000 1.194325E+11
136700.000 1.190387E+11
136800.000 1.186462E+11
136900.000 1.182548E+11
137000.000 1.178648E+11
137100.000 1.174759E+11
137200.000 1.170883E+11
137300.000 1.167019E+11
137400.000 1.163167E+11
137500.000 1.159327E+11
137600.000 1.155500E+11
137700.000 1.151684E+11
137800.000 1.147881E+11
137900.000 1.144089E+11
138000.000 1.140310E+11
138100.000 1.136542E+11
138200.000 1.132787E+11
138300.000 1.129043E+11
138400.000 1.125311E+11
138500.000 1.121591E+11
138600.000 1.117883E+11
138700.000 1.114186E+11
138800.000 1.110501E+11
138900.000 1.106828E+11
139000.000 1.103167E+11
139100.000 1.099517E+11
139200.000 1.095878E+11
139300.000 1.092251E+11
139400.000 1.088636E+11
139500.000 1.085032E+11
139600.000 1.081439E+11
139700.000 1.077858E+11
139800.000 1.074289E+11
139900.000 1.070730E+11
140000.000 1.067183E+11
140100.000 1.063647E+11
140200.000 1.060123E+11
140300.000 1.056609E+11
140400.000 1.053107E+11
140500.000 1.049616E+11
140600.000 1.046136E+11
140700.000 1.042667E+11
140800.000 1.039209E+11
140900.000 1.035762E+11
141000.000 1.032326E+11
141100.000 1.028901E+11
141200.000 1.025486E+11
141300.000 1.022083E+11
141400.000 1.018691E+11
141500.000 1.015309E+11
141600.000 1.011938E+11
141700.000 1.008578E+11
141800.000 1.005228E+11
141900.000 1.001889E+11
142000.000 9.985612E+10
142100.000 9.952436E+10
142200.000 9.919366E+10
142300.000 9.886402E+10
142400.000 9.853542E+10
142500.000 9.820788E+10
142600.000 9.788137E+10
142700.000 9.755592E+10
142800.000 9.723150E+10
142900.000 9.690811E+10
143000.000 9.658576E+10
143100.000 9.626444E+10
143200.000 9.594414E+10
143300.000 9.562487E+10
143400.000 9.530662E+10
143500.000 9.498938E+10
143600.000 9.467316E+10
143700.000 9.435795E+10
143800.000 9.404375E+10
143900.000 9.373055E+10
144000.000 9.341836E+10
144100.000 9.310716E+10
144200.000 9.279696E+10
144300.000 9.248776E+10
144400.000 9.217954E+10
144500.000 9.187231E+10
144600.000 9.156607E+10
144700.000 9.126080E+10
144800.000 9.095652E+10
144900.000 9.065321E+10
145000.000 9.035087E+10
145100.000 9.004950E+10
145200.000 8.974910E+10
145300.000 8.944966E+10
145400.000 8.915119E+10
145500.000 8.885367E+10
145600.000 8.855710E+10
145700.000 8.826149E+10
145800.000 8.796682E+10
145900.000 8.767311E+10
146000.000 8.738033E+10
146100.000 8.708850E+10
146200.000 8.679760E+10
146300.000 8.650764E+10
146400.000 8.621861E+10
146500.000 8.593051E+10
146600.000 8.564334E+10
146700.000 8.535709E+10
146800.000 8.507176E+10
146900.000 8.478735E+10
147000.000 8.450385E+10
147100.000 8.422127E+10
147200.000 8.393959E+10
147300.000 8.365883E+10
147400.000 8.337896E+10
147500.000 8.310000E+10
147600.000 8.282194E+10
147700.000 8.254477E+10
147800.000 8.226850E+10
147900.000 8.199312E+10
148000.000 8.171862E+10
148100.000 8.144501E+10
148200.000 8.117228E+10
148300.000 8.090044E+10
148400.000 8.062947E+10
148500.000 8.035937E+10
148600.000 8.009015E+10
148700.000 7.982179E+10
148800.000 7.955430E+10
148900.000 7.928768E+10
149000.000 7.902191E+10
149100.000 7.875701E+10
149200.000 7.849296E+10
149300.000 7.822976E+10
149400.000 7.796741E+10
149500.000 7.770592E+10
149600.000 7.744526E+10
149700.000 7.718545E+10
149800.000 7.692648E+10
149900.000 7.666835E+10
150000.000 7.641106E+10
150100.000 7.615459E+10
150200.000 7.589896E+10
150300.000 7.564415E+10
150400.000 7.539017E+10
150500.000 7.513702E+10
150600.000 7.488468E+10
150700.000 7.463316E+10
150800.000 7.438245E+10
150900.000 7.413256E+10
151000.000 7.388347E+10
151100.000 7.363520E+10
151200.000 7.338773E+10
151300.000 7.314106E+10
151400.000 7.289519E+10
151500.000 7.265012E+10
151600.000 7.240584E+10
151700.000 7.216236E+10
151800.000 7.191967E+10
151900.000 7.167776E+10
152000.000 7.143665E+10
152100.000 7.119631E+10
152200.000 7.095675E+10
152300.000 7.071798E+10
152400.000 7.047997E+10
152500.000 7.024275E+10
152600.000 7.000629E+10
152700.000 6.977060E+10
152800.000 6.953568E+10
152900.000 6.930152E+10
153000.000 6.906812E+10
153100.000 6.883549E+10
153200.000 6.860361E+10
153300.000 6.837248E+10
153400.000 6.814211E+10
153500.000 6.791248E+10
153600.000 6.768361E+10
153700.000 6.745547E+10
153800.000 6.722809E+10
153900.000 6.700144E+10
154000.000 6.677553E+10
154100.000 6.655036E+10
154200.000 6.632592E+10
154300.000 6.610221E+10
154400.000 6.587923E+10
154500.000 6.565698E+10
154600.000 6.543545E+10
154700.000 6.521465E+10
154800.000 6.499457E+10
154900.000 6.477520E+10
155000.000 6.455655E+10
155100.000 6.433862E+10
155200.000 6.412139E+10
155300.000 6.390487E+10
155400.000 6.368907E+10
155500.000 6.347396E+10
155600.000 6.325956E+10
155700.000 6.304586E+10
155800.000 6.283286E+10
155900.000 6.262055E+10
156000.000 6.240894E+10
156100.000 6.219802E+10
156200.000 6.198779E+10
156300.000 6.177824E+10
156400.000 6.156938E+10
156500.000 6.136121E+10
156600.000 6.115372E+10
156700.000 6.094690E+10
156800.000 6.074076E+10
156900.000 6.053530E+10
157000.000 6.033051E+10
157100.000 6.012639E+10
157200.000 5.992293E+10
157300.000 5.972015E+10
157400.000 5.951803E+10
157500.000 5.931657E+10
157600.000 5.911577E+10
157700.000 5.891563E+10
157800.000 5.871614E+10
157900.000 5.851731E+10
158000.000 5.831913E+10
158100.000 5.812160E+10
158200.000 5.792472E+10
158300.000 5.772849E+10
158400.000 5.753289E+10
158500.000 5.733795E+10
158600.000 5.714363E+10
158700.000 5.694996E+10
158800.000 5.675693E+10
158900.000 5.656452E+10
159000.000 5.637275E+10
159100.000 5.618161E+10
159200.000 5.599110E+10
159300.000 5.580121E+10
159400.000 5.561195E+10
159500.000 5.542331E+10
159600.000 5.523528E+10
159700.000 5.504788E+10
159800.000 5.486109E+10
159900.000 5.467492E+10
160000.000 5.448936E+10
160100.000 5.430441E+10
160200.000 5.412007E+10
160300.000 5.393633E+10
160400.000 5.375320E+10
160500.000 5.357068E+10
160600.000 5.338875E+10
160700.000 5.320742E+10
160800.000 5.302669E+10
160900.000 5.284655E+10
161000.000 5.266701E+10
161100.000 5.248806E+10
161200.000 5.230970E+10
161300.000 5.213192E+10
161400.000 5.195474E+10
161500.000 5.177813E+10
161600.000 5.160211E+10
161700.000 5.142667E+10
161800.000 5.125181E+10
161900.000 5.107752E+10
162000.000 5.090381E+10
162100.000 5.073067E+10
162200.000 5.055811E+10
162300.000 5.038611E+10
162400.000 5.021468E+10
162500.000 5.004382E+10
162600.000 4.987352E+10
162700.000 4.970378E+10
162800.000 4.953460E+10
162900.000 4.936598E+10
163000.000 4.919792E+10
163100.000 4.903042E+10
163200.000 4.886347E+10
163300.000 4.869707E+10
163400.000 4.853121E+10
163500.000 4.836591E+10
163600.000 4.820116E+10
163700.000 4.803695E+10
163800.000 4.787328E+10
163900.000 4.771015E+10
164000.000 4.754756E+10
164100.000 4.738552E+10
164200.000 4.722400E+10
164300.000 4.706302E+10
164400.000 4.690258E+10
164500.000 4.674267E+10
164600.000 4.658328E+10
164700.000 4.642442E+10
164800.000 4.626609E+10
164900.000 4.610829E+10
165000.000 4.595100E+10
165100.000 4.579424E+10
165200.000 4.563800E+10
165300.000 4.548227E+10
165400.000 4.532706E+10
165500.000 4.517237E+10
165600.000 4.501819E+10
165700.000 4.486452E+10
165800.000 4.471135E+10
165900.000 4.455870E+10
166000.000 4.440656E+10
166100.000 4.425491E+10
166200.000 4.410377E+10
166300.000 4.395314E+10
166400.000 4.380300E+10
166500.000 4.365336E+10
166600.000 4.350422E+10
166700.000 4.335557E+10
166800.000 4.320742E+10
166900.000 4.305976E+10
167000.000 4.291259E+10
167100.000 4.276591E+10
167200.000 4.261971E+10
167300.000 4.247401E+10
167400.000 4.232878E+10
167500.000 4.218404E+10
167600.000 4.203978E+10
167700.000 4.189600E+10
167800.000 4.175270E+10
167900.000 4.160987E+10
168000.000 4.146752E+10
168100.000 4.132565E+10
168200.000 4.118424E+10
168300.000 4.104331E+10
168400.000 4.090284E+10
168500.000 4.076284E+10
168600.000 4.062331E+10
168700.000 4.048424E+10
168800.000 4.034564E+10
168900.000 4.020750E+10
169000.000 4.006981E+10
169100.000 3.993259E+10
169200.000 3.979582E+10
169300.000 3.965951E+10
169400.000 3.952366E+10
169500.000 3.938825E+10
169600.000 3.925330E+10
169700.000 3.911880E+10
169800.000 3.898474E+10
169900.000 3.885113E+10
170000.000 3.871797E+10
170100.000 3.858526E+10
170200.000 3.845298E+10
170300.000 3.832115E+10
170400.000 3.818975E+10
170500.000 3.805880E+10
170600.000 3.792828E+10
170700.000 3.779820E+10
170800.000 3.766855E+10
170900.000 3.753933E+10
171000.000 3.741055E+10
171100.000 3.728220E+10
171200.000 3.715427E+10
171300.000 3.702677E+10
171400.000 3.689970E+10
171500.000 3.677305E+10
171600.000 3.664683E+10
171700.000 3.652103E+10
171800.000 3.639565E+10
171900.000 3.627069E+10
172000.000 3.614614E+10
172100.000 3.602201E+10
172200.000 3.589830E+10
172300.000 3.577500E+10
172400.000 3.565211E+10
172500.000 3.552964E+10
172600.000 3.540757E+10
172700.000 3.528592E+10
172800.000 3.516467E+10
172900.000 3.504382E+10
173000.000 3.492338E+10
173100.000 3.480335E+10
173200.000 3.468371E+10
173300.000 3.456448E+10
173400.000 3.444564E+10
173500.000 3.432721E+10
173600.000 3.420917E+10
173700.000 3.409152E+10
173800.000 3.397427E+10
173900.000 3.385741E+10
174000.000 3.374095E+10
174100.000 3.362487E+10
174200.000 3.350919E+10
174300.000 3.339389E+10
174400.000 3.327898E+10
174500.000 3.316445E+10
174600.000 3.305031E+10
174700.000 3.293655E+10
174800.000 3.282318E+10
174900.000 3.271018E+10
175000.000 3.259756E+10
175100.000 3.248532E+10
175200.000 3.237346E+10
175300.000 3.226197E+10
175400.000 3.215086E+10
175500.000 3.204012E+10
175600.000 3.192975E+10
175700.000 3.181975E+10
175800.000 3.171013E+10
175900.000 3.160087E+10
176000.000 3.149198E+10
176100.000 3.138345E+10
176200.000 3.127529E+10
176300.000 3.116749E+10
176400.000 3.106005E+10
176500.000 3.095298E+10
176600.000 3.084626E+10
176700.000 3.073991E+10
176800.000 3.063391E+10
176900.000 3.052827E+10
177000.000 3.042298E+10
177100.000 3.031805E+10
177200.000 3.021347E+10
177300.000 3.010924E+10
177400.000 3.000537E+10
177500.000 2.990184E+10
177600.000 2.979866E+10
177700.000 2.969583E+10
177800.000 2.959335E+10
177900.000 2.949121E+10
178000.000 2.938941E+10
178100.000 2.928796E+10
178200.000 2.918685E+10
178300.000 2.908608E+10
178400.000 2.898565E+10
178500.000 2.888555E+10
178600.000 2.878580E+10
178700.000 2.868638E+10
178800.000 2.858730E+10
178900.000 2.848855E+10
179000.000 2.839013E+10
179100.000 2.829205E+10
179200.000 2.819429E+10
179300.000 2.809687E+10
179400.000 2.799977E+10
179500.000 2.790300E+10
179600.000 2.780656E+10
179700.000 2.771045E+10
179800.000 2.761465E+10
179900.000 2.751918E+10
180000.000 2.742404E+10
180100.000 2.732921E+10
180200.000 2.723471E+10
180300.000 2.714052E+10
180400.000 2.704665E+10
180500.000 2.695310E+10
180600.000 2.685987E+10
180700.000 2.676695E+10
180800.000 2.667434E+10
180900.000 2.658205E+10
181000.000 2.649007E+10
181100.000 2.639840E+10
181200.000 2.630704E+10
181300.000 2.621598E+10
181400.000 2.612524E+10
181500.000 2.603480E+10
181600.000 2.594467E+10
181700.000 2.585485E+10
181800.000 2.576532E+10
181900.000 2.567610E+10
182000.000 2.558718E+10
182100.000 2.549857E+10
182200.000 2.541025E+10
182300.000 2.532223E+10
182400.000 2.523451E+10
182500.000 2.514709E+10
182600.000 2.505996E+10
182700.000 2.497313E+10
182800.000 2.488659E+10
182900.000 2.480034E+10
183000.000 2.471439E+10
183100.000 2.462872E+10
183200.000 2.454335E+10
183300.000 2.445827E+10
183400.000 2.437347E+10
183500.000 2.428897E+10
183600.000 2.420474E+10
183700.000 2.412081E+10
183800.000 2.403716E+10
183900.000 2.395379E+10
184000.000 2.387070E+10
184100.000 2.378790E+10
184200.000 2.370538E+10
184300.000 2.362314E+10
184400.000 2.354117E+10
184500.000 2.345949E+10
184600.000 2.337808E+10
184700.000 2.329694E+10
184800.000 2.321609E+10
184900.000 2.313550E+10
185000.000 2.305519E+10
185100.000 2.297516E+10
185200.000 2.289539E+10
185300.000 2.281590E+10
185400.000 2.273667E+10
185500.000 2.265772E+10
185600.000 2.257903E+10
185700.000 2.250061E+10
185800.000 2.242246E+10
185900.000 2.234457E+10
186000.000 2.226694E+10
186100.000 2.218958E+10
186200.000 2.211249E+10
186300.000 2.203565E+10
186400.000 2.195908E+10
186500.000 2.188277E+10
186600.000 2.180671E+10
186700.000 2.173092E+10
186800.000 2.165538E+10
186900.000 2.158010E+10
187000.000 2.150507E+10
187100.000 2.143030E+10
187200.000 2.135579E+10
187300.000 2.128152E+10
187400.000 2.120751E+10
187500.000 2.113376E+10
187600.000 2.106025E+10
187700.000 2.098699E+10
187800.000 2.091399E+10
187900.000 2.084123E+10
188000.000 2.076872E+10
188100.000 2.069645E+10
188200.000 2.062443E+10
188300.000 2.055266E+10
188400.000 2.048113E+10
188500.000 2.040985E+10
188600.000 2.033881E+10
188700.000 2.026801E+10
188800.000 2.019745E+10
188900.000 2.012713E+10
189000.000 2.005705E+10
189100.000 1.998721E+10
189200.000 1.991761E+10
189300.000 1.984825E+10
189400.000 1.977912E+10
189500.000 1.971023E+10
189600.000 1.964157E+10
189700.000 1.957314E+10
189800.000 1.950495E+10
189900.000 1.943700E+10
190000.000 1.936927E+10
190100.000 1.930178E+10
190200.000 1.923451E+10
190300.000 1.916748E+10
190400.000 1.910067E+10
190500.000 1.903409E+10
190600.000 1.896774E+10
190700.000 1.890162E+10
190800.000 1.883572E+10
190900.000 1.877005E+10
191000.000 1.870460E+10
191100.000 1.863937E+10
191200.000 1.857437E+10
191300.000 1.850959E+10
191400.000 1.844503E+10
191500.000 1.838069E+10
191600.000 1.831657E+10
191700.000 1.825267E+10
191800.000 1.818899E+10
191900.000 1.812552E+10
192000.000 1.806227E+10
192100.000 1.799924E+10
192200.000 1.793643E+10
192300.000 1.787383E+10
192400.000 1.781144E+10
192500.000 1.774927E+10
192600.000 1.768730E+10
192700.000 1.762555E+10
192800.000 1.756402E+10
192900.000 1.750269E+10
193000.000 1.744157E+10
193100.000 1.738066E+10
193200.000 1.731996E+10
193300.000 1.725947E+10
193400.000 1.719918E+10
193500.000 1.713911E+10
193600.000 1.707923E+10
193700.000 1.701956E+10
193800.000 1.696010E+10
193900.000 1.690084E+10
194000.000 1.684178E+10
194100.000 1.678292E+10
194200.000 1.672427E+10
194300.000 1.666582E+10
194400.000 1.660756E+10
194500.000 1.654951E+10
194600.000 1.649166E+10
194700.000 1.643400E+10
194800.000 1.637654E+10
194900.000 1.631928E+10
195000.000 1.626221E+10
195100.000 1.620535E+10
195200.000 1.614867E+10
195300.000 1.609219E+10
195400.000 1.603590E+10
195500.000 1.597981E+10
195600.000 1.592391E+10
195700.000 1.586820E+10
195800.000 1.581268E+10
195900.000 1.575735E+10
196000.000 1.570221E+10
196100.000 1.564726E+10
196200.000 1.559250E+10
196300.000 1.553793E+10
196400.000 1.548354E+10
196500.000 1.542934E+10
196600.000 1.537533E+10
196700.000 1.532150E+10
196800.000 1.526786E+10
196900.000 1.521440E+10
197000.000 1.516113E+10
197100.000 1.510804E+10
197200.000 1.505513E+10
197300.000 1.500240E+10
197400.000 1.494985E+10
197500.000 1.489748E+10
197600.000 1.484530E+10
197700.000 1.479329E+10
197800.000 1.474146E+10
197900.000 1.468981E+10
198000.000 1.463834E+10
198100.000 1.458704E+10
198200.000 1.453592E+10
198300.000 1.448498E+10
198400.000 1.443421E+10
198500.000 1.438362E+10
198600.000 1.433320E+10
198700.000 1.428295E+10
198800.000 1.423287E+10
198900.000 1.418297E+10
199000.000 1.413324E+10
199100.000 1.408368E+10
199200.000 1.403430E+10
199300.000 1.398508E+10
199400.000 1.393603E+10
199500.000 1.388715E+10
199600.000 1.383843E+10
199700.000 1.378989E+10
199800.000 1.374151E+10
199900.000 1.369330E+10
200000.000 1.364526E+10
