1000 3190.22 
1100 2481.4 
1200 1968.39 
1300 1590.14 
1400 1305.3 
1500 1085.82 
1600 10107.7 
1700 8850.86 
1800 7794.48 
1900 6891.62 
2000 6110.41 
2100 5430.59 
2200 4836.17 
2300 4318.12 
2400 3867.76 
2500 3474.31 
2600 3130.41 
2700 2829.35 
2800 2565.15 
2900 2332.58 
3000 2128.49 
3100 1948.23 
3200 1787.52 
3300 1644.88 
3400 1517.14 
3500 1402.31 
3600 1298.95 
3700 1205.62 
3800 1120.48 
3900 1043.89 
4000 973.676 
4100 909.259 
4200 850.775 
4300 797.107 
4400 747.69 
4500 702.163 
4600 660.18 
4700 621.456 
4800 585.867 
4900 552.906 
5000 522.342 
5100 493.974 
5200 467.607 
5300 443.069 
5400 420.203 
5500 398.866 
5600 378.929 
5700 360.314 
5800 342.97 
5900 326.711 
6000 311.444 
6100 297.088 
6200 283.569 
6300 270.82 
6400 258.83 
6500 247.641 
6600 237.048 
6700 227.004 
6800 217.468 
6900 208.54 
7000 200.111 
7100 192.074 
7200 184.401 
7300 177.252 
7400 170.431 
7500 163.892 
7600 157.728 
7700 151.895 
7800 146.278 
7900 140.967 
8000 135.936 
8100 131.073 
8200 126.497 
8300 122.121 
8400 117.875 
8500 113.934 
8600 110.094 
8700 106.439 
8800 102.962 
8900 99.5717 
9000 96.4186 
9100 93.3252 
9200 90.4079 
9300 87.5864 
9400 84.8806 
9500 82.3015 
9600 79.7926 
9700 77.4295 
9800 75.1031 
9900 72.932 
10000 70.7748 
10100 68.7749 
10200 66.7816 
10300 64.9281 
10400 63.0814 
10500 61.3626 
10600 59.6461 
10700 58.053 
10800 56.4598 
10900 54.9774 
11000 53.5011 
11100 52.1148 
11200 50.7463 
11300 49.446 
11400 48.1776 
11500 46.9542 
11600 45.7788 
11700 44.6246 
11800 43.5354 
11900 42.4463 
12000 41.4342 
12100 40.4251 
12200 39.4629 
12300 38.5277 
12400 37.6104 
12500 36.7437 
12600 35.8771 
12700 35.0643 
12800 34.2616 
12900 33.481 
13000 32.7372 
13100 31.9935 
13200 31.2968 
13300 30.6077 
13400 29.9337 
13500 29.2953 
13600 28.657 
13700 28.0507 
13800 27.4594 
13900 26.8688 
14000 26.3213 
14100 25.7738 
14200 25.2383 
14300 24.7312 
14400 24.224 
14500 23.7366 
14600 23.2667 
14700 22.7968 
14800 22.3514 
14900 21.9163 
15000 21.4813 
15100 21.0728 
15200 20.67 
15300 20.2672 
15400 19.8907 
15500 19.5175 
15600 19.1443 
15700 18.796 
15800 18.4507 
15900 18.1053 
16000 17.7814 
16100 17.4616 
16200 17.1417 
16300 16.8391 
16400 16.5429 
16500 16.2468 
16600 15.9629 
16700 15.6887 
16800 15.4146 
16900 15.147 
17000 14.8932 
17100 14.6394 
17200 14.3861 
17300 14.1512 
17400 13.9163 
17500 13.6814 
17600 13.4581 
17700 13.2406 
17800 13.0232 
17900 12.8095 
18000 12.6082 
18100 12.407 
18200 12.2058 
18300 12.0156 
18400 11.8293 
18500 11.643 
18600 11.4591 
18700 11.2867 
18800 11.1144 
18900 10.942 
19000 10.7765 
19100 10.617 
19200 10.4575 
19300 10.2979 
19400 10.1483 
19500 10.0007 
19600 9.85308 
19700 9.70609 
19800 9.5695 
19900 9.4329 
20000 9.29631 
20100 9.16183 
20200 9.03543 
20300 8.90902 
20400 8.78262 
20500 8.65887 
20600 8.54188 
20700 8.4249 
20800 8.30791 
20900 8.19338 
21000 8.08517 
21100 7.97696 
21200 7.86875 
21300 7.76215 
21400 7.66203 
21500 7.56191 
21600 7.46179 
21700 7.36196 
21800 7.26932 
21900 7.17668 
22000 7.08404 
22100 6.9914 
22200 6.90427 
22300 6.81855 
22400 6.73283 
22500 6.64712 
22600 6.56443 
22700 6.48514 
22800 6.40586 
22900 6.32657 
23000 6.24765 
23100 6.17429 
23200 6.10093 
23300 6.02757 
23400 5.9542 
23500 5.88395 
23600 5.81608 
23700 5.74822 
23800 5.68036 
23900 5.61249 
24000 5.5496 
24100 5.48681 
24200 5.42402 
24300 5.36123 
24400 5.29988 
24500 5.2418 
24600 5.18372 
24700 5.12564 
24800 5.06755 
24900 5.01183 
25000 4.9581 
25100 4.90437 
25200 4.85064 
25300 4.7969 
25400 4.74592 
25500 4.69621 
25600 4.6465 
25700 4.59679 
25800 4.54708 
25900 4.5001 
26000 4.45411 
26100 4.40813 
26200 4.36215 
26300 4.31616 
26400 4.27252 
26500 4.22997 
26600 4.18743 
26700 4.14488 
26800 4.10233 
26900 4.06149 
27000 4.02213 
27100 3.98278 
27200 3.94342 
27300 3.90407 
27400 3.86555 
27500 3.82914 
27600 3.79274 
27700 3.75633 
27800 3.71992 
27900 3.68352 
28000 3.64966 
28100 3.61598 
28200 3.5823 
28300 3.54863 
28400 3.51495 
28500 3.48247 
28600 3.45132 
28700 3.42016 
28800 3.389 
28900 3.35784 
29000 3.32668 
29100 3.29765 
29200 3.26883 
29300 3.24001 
29400 3.21118 
29500 3.18236 
29600 3.15405 
29700 3.12738 
29800 3.10071 
29900 3.07404 
30000 3.04737 
30100 3.0207 
30200 2.99495 
30300 2.97028 
30400 2.94561 
30500 2.92094 
30600 2.89627 
30700 2.8716 
30800 2.84797 
30900 2.82514 
31000 2.80232 
31100 2.7795 
31200 2.75667 
31300 2.73385 
31400 2.71197 
31500 2.69086 
31600 2.66974 
31700 2.64863 
31800 2.62751 
31900 2.6064 
32000 2.58595 
32100 2.56642 
32200 2.54688 
32300 2.52734 
32400 2.50781 
32500 2.48827 
32600 2.46899 
32700 2.45091 
32800 2.43283 
32900 2.41476 
33000 2.39668 
33100 2.3786 
33200 2.36052 
33300 2.34353 
33400 2.32681 
33500 2.31009 
33600 2.29336 
33700 2.27664 
33800 2.25992 
33900 2.24358 
34000 2.2281 
34100 2.21262 
34200 2.19715 
34300 2.18167 
34400 2.16619 
34500 2.15072 
34600 2.13603 
34700 2.12171 
34800 2.10739 
34900 2.09307 
35000 2.07875 
35100 2.06443 
35200 2.05011 
35300 2.03679 
35400 2.02353 
35500 2.01028 
35600 1.99702 
35700 1.98377 
35800 1.97052 
35900 1.95731 
36000 1.94505 
36100 1.93279 
36200 1.92052 
36300 1.90826 
36400 1.896 
36500 1.88374 
36600 1.8715 
36700 1.86015 
36800 1.8488 
36900 1.83744 
37000 1.82609 
37100 1.81474 
37200 1.80339 
37300 1.79203 
37400 1.78142 
37500 1.77092 
37600 1.76041 
37700 1.74991 
37800 1.7394 
37900 1.7289 
38000 1.71839 
38100 1.70834 
38200 1.69861 
38300 1.68889 
38400 1.67916 
38500 1.66944 
38600 1.65971 
38700 1.64999 
38800 1.64036 
38900 1.63136 
39000 1.62236 
39100 1.61335 
39200 1.60435 
39300 1.59535 
39400 1.58635 
39500 1.57734 
39600 1.56871 
39700 1.56038 
39800 1.55204 
39900 1.5437 
40000 1.53537 
40100 1.52703 
40200 1.51869 
40300 1.51036 
40400 1.50253 
40500 1.49482 
40600 1.4871 
40700 1.47938 
40800 1.47166 
40900 1.46395 
41000 1.45623 
41100 1.44851 
41200 1.44133 
41300 1.43419 
41400 1.42704 
41500 1.41989 
41600 1.41275 
41700 1.4056 
41800 1.39846 
41900 1.39131 
42000 1.38464 
42100 1.37802 
42200 1.3714 
42300 1.36478 
42400 1.35816 
42500 1.35154 
42600 1.34492 
42700 1.3383 
42800 1.33203 
42900 1.3259 
43000 1.31977 
43100 1.31364 
43200 1.30751 
43300 1.30138 
43400 1.29526 
43500 1.28913 
43600 1.28316 
43700 1.27748 
43800 1.2718 
43900 1.26612 
44000 1.26044 
44100 1.25476 
44200 1.24908 
44300 1.2434 
44400 1.23772 
44500 1.23239 
44600 1.22713 
44700 1.22187 
44800 1.21661 
44900 1.21135 
45000 1.20609 
45100 1.20083 
45200 1.19557 
45300 1.19037 
45400 1.1855 
45500 1.18062 
45600 1.17575 
45700 1.17088 
45800 1.166 
45900 1.16113 
46000 1.15625 
46100 1.15138 
46200 1.14661 
46300 1.1421 
46400 1.13758 
46500 1.13306 
46600 1.12854 
46700 1.12403 
46800 1.11951 
46900 1.11499 
47000 1.11047 
47100 1.10605 
47200 1.10186 
47300 1.09768 
47400 1.09349 
47500 1.08931 
47600 1.08512 
47700 1.08093 
47800 1.07675 
47900 1.07256 
48000 1.0684 
48100 1.06452 
48200 1.06064 
48300 1.05676 
48400 1.05287 
48500 1.04899 
48600 1.04511 
48700 1.04123 
48800 1.03735 
48900 1.03347 
49000 1.02978 
49100 1.02619 
49200 1.02259 
49300 1.01899 
49400 1.01539 
49500 1.01179 
49600 1.0082 
49700 1.0046 
49800 1.001 
49900 0.997434 
50000 0.994098 
50100 0.990761 
50200 0.987425 
50300 0.984088 
50400 0.980752 
50500 0.977415 
50600 0.974078 
50700 0.970742 
50800 0.967405 
50900 0.964157 
51000 0.961063 
51100 0.957969 
51200 0.954875 
51300 0.951781 
51400 0.948687 
51500 0.945593 
51600 0.942499 
51700 0.939405 
51800 0.936311 
51900 0.933311 
52000 0.93044 
52100 0.927569 
52200 0.924699 
52300 0.921828 
52400 0.918957 
52500 0.916086 
52600 0.913215 
52700 0.910345 
52800 0.907474 
52900 0.904661 
53000 0.901998 
53100 0.899335 
53200 0.896671 
53300 0.894008 
53400 0.891345 
53500 0.888681 
53600 0.886018 
53700 0.883354 
53800 0.880691 
53900 0.878028 
54000 0.875545 
54100 0.873073 
54200 0.870601 
54300 0.86813 
54400 0.865658 
54500 0.863187 
54600 0.860715 
54700 0.858243 
54800 0.855772 
54900 0.8533 
55000 0.850899 
55100 0.848605 
55200 0.84631 
55300 0.844015 
55400 0.84172 
55500 0.839426 
55600 0.837131 
55700 0.834836 
55800 0.832541 
55900 0.830247 
56000 0.827952 
56100 0.825765 
56200 0.823634 
56300 0.821503 
56400 0.819372 
56500 0.817241 
56600 0.81511 
56700 0.81298 
56800 0.810849 
56900 0.808718 
57000 0.806587 
57100 0.804456 
57200 0.802432 
57300 0.800452 
57400 0.798473 
57500 0.796494 
57600 0.794515 
57700 0.792535 
57800 0.790556 
57900 0.788577 
58000 0.786598 
58100 0.784618 
58200 0.782639 
58300 0.780734 
58400 0.778895 
58500 0.777056 
58600 0.775217 
58700 0.773379 
58800 0.77154 
58900 0.769701 
59000 0.767862 
59100 0.766023 
59200 0.764184 
59300 0.762345 
59400 0.760525 
59500 0.758816 
59600 0.757107 
59700 0.755398 
59800 0.753689 
59900 0.75198 
60000 0.750271 
60100 0.748562 
60200 0.746853 
60300 0.745144 
60400 0.743435 
60500 0.741726 
60600 0.740081 
60700 0.738491 
60800 0.736902 
60900 0.735313 
61000 0.733723 
61100 0.732134 
61200 0.730545 
61300 0.728956 
61400 0.727366 
61500 0.725777 
61600 0.724188 
61700 0.722598 
61800 0.721086 
61900 0.719608 
62000 0.718131 
62100 0.716653 
62200 0.715175 
62300 0.713697 
62400 0.712219 
62500 0.710741 
62600 0.709263 
62700 0.707786 
62800 0.706308 
62900 0.70483 
63000 0.703416 
63100 0.702041 
63200 0.700666 
63300 0.699291 
63400 0.697916 
63500 0.69654 
63600 0.695165 
63700 0.69379 
63800 0.692415 
63900 0.69104 
64000 0.689665 
64100 0.68829 
64200 0.686945 
64300 0.685665 
64400 0.684385 
64500 0.683105 
64600 0.681825 
64700 0.680544 
64800 0.679264 
64900 0.677984 
65000 0.676704 
65100 0.675424 
65200 0.674144 
65300 0.672864 
65400 0.671584 
65500 0.670372 
65600 0.66918 
65700 0.667988 
65800 0.666796 
65900 0.665604 
66000 0.664412 
66100 0.66322 
66200 0.662029 
66300 0.660837 
66400 0.659645 
66500 0.658453 
66600 0.657261 
66700 0.656069 
66800 0.654958 
66900 0.653848 
67000 0.652738 
67100 0.651628 
67200 0.650518 
67300 0.649408 
67400 0.648298 
67500 0.647188 
67600 0.646078 
67700 0.644969 
67800 0.643859 
67900 0.642749 
68000 0.641639 
68100 0.640599 
68200 0.639565 
68300 0.63853 
68400 0.637496 
68500 0.636461 
68600 0.635426 
68700 0.634391 
68800 0.633357 
68900 0.632322 
69000 0.631288 
69100 0.630253 
69200 0.629218 
69300 0.628183 
69400 0.627193 
69500 0.626228 
69600 0.625263 
69700 0.624298 
69800 0.623333 
69900 0.622368 
70000 0.621403 
70100 0.620438 
70200 0.619473 
70300 0.618508 
70400 0.617543 
70500 0.616578 
70600 0.615613 
70700 0.614653 
70800 0.613753 
70900 0.612853 
71000 0.611954 
71100 0.611054 
71200 0.610154 
71300 0.609254 
71400 0.608354 
71500 0.607454 
71600 0.606554 
71700 0.605654 
71800 0.604754 
71900 0.603855 
72000 0.602955 
72100 0.60207 
72200 0.60123 
72300 0.60039 
72400 0.59955 
72500 0.59871 
72600 0.59787 
72700 0.59703 
72800 0.59619 
72900 0.59535 
73000 0.59451 
73100 0.59367 
73200 0.59283 
73300 0.59199 
73400 0.591151 
73500 0.59032 
73600 0.589535 
73700 0.588751 
73800 0.587966 
73900 0.587182 
74000 0.586397 
74100 0.585613 
74200 0.584829 
74300 0.584044 
74400 0.58326 
74500 0.582475 
74600 0.581691 
74700 0.580906 
74800 0.580122 
74900 0.579337 
75000 0.578594 
75100 0.577861 
75200 0.577128 
75300 0.576395 
75400 0.575662 
75500 0.57493 
75600 0.574197 
75700 0.573464 
75800 0.572731 
75900 0.571998 
76000 0.571265 
76100 0.570532 
76200 0.569799 
76300 0.569066 
76400 0.568341 
76500 0.567655 
76600 0.56697 
76700 0.566285 
76800 0.5656 
76900 0.564915 
77000 0.564229 
77100 0.563544 
77200 0.562859 
77300 0.562174 
77400 0.561489 
77500 0.560804 
77600 0.560118 
77700 0.559433 
77800 0.558748 
77900 0.558072 
78000 0.557432 
78100 0.556791 
78200 0.55615 
78300 0.555509 
78400 0.554868 
78500 0.554227 
78600 0.553586 
78700 0.552945 
78800 0.552304 
78900 0.551664 
79000 0.551023 
79100 0.550382 
79200 0.549741 
79300 0.5491 
79400 0.548459 
79500 0.547859 
79600 0.547259 
79700 0.546659 
79800 0.546059 
79900 0.545459 
80000 0.544859 
80100 0.544259 
80200 0.543659 
80300 0.543059 
80400 0.542459 
80500 0.541859 
80600 0.541259 
80700 0.540659 
80800 0.540059 
80900 0.539459 
81000 0.538877 
81100 0.538315 
81200 0.537753 
81300 0.537192 
81400 0.53663 
81500 0.536068 
81600 0.535506 
81700 0.534944 
81800 0.534383 
81900 0.533821 
82000 0.533259 
82100 0.532697 
82200 0.532135 
82300 0.531573 
82400 0.531012 
82500 0.53045 
82600 0.52991 
82700 0.529384 
82800 0.528857 
82900 0.52833 
83000 0.527804 
83100 0.527277 
83200 0.526751 
83300 0.526224 
83400 0.525697 
83500 0.525171 
83600 0.524644 
83700 0.524117 
83800 0.523591 
83900 0.523064 
84000 0.522537 
84100 0.522011 
84200 0.521501 
84300 0.521007 
84400 0.520513 
84500 0.520019 
84600 0.519525 
84700 0.519031 
84800 0.518537 
84900 0.518043 
85000 0.517549 
85100 0.517056 
85200 0.516562 
85300 0.516068 
85400 0.515574 
85500 0.51508 
85600 0.514586 
85700 0.514092 
85800 0.5136 
85900 0.513136 
86000 0.512673 
86100 0.512209 
86200 0.511746 
86300 0.511282 
86400 0.510818 
86500 0.510355 
86600 0.509891 
86700 0.509428 
86800 0.508964 
86900 0.508501 
87000 0.508037 
87100 0.507573 
87200 0.50711 
87300 0.506646 
87400 0.506183 
87500 0.505727 
87600 0.505291 
87700 0.504856 
87800 0.504421 
87900 0.503985 
88000 0.50355 
88100 0.503115 
88200 0.502679 
88300 0.502244 
88400 0.501809 
88500 0.501373 
88600 0.500938 
88700 0.500503 
88800 0.500067 
88900 0.499632 
89000 0.499197 
89100 0.498761 
89200 0.49833 
89300 0.497921 
89400 0.497512 
89500 0.497102 
89600 0.496693 
89700 0.496284 
89800 0.495875 
89900 0.495465 
90000 0.495056 
90100 0.494647 
90200 0.494238 
90300 0.493828 
90400 0.493419 
90500 0.49301 
90600 0.492601 
90700 0.492191 
90800 0.491782 
90900 0.491373 
91000 0.490981 
91100 0.490596 
91200 0.490211 
91300 0.489826 
91400 0.489441 
91500 0.489056 
91600 0.488671 
91700 0.488286 
91800 0.487901 
91900 0.487516 
92000 0.487131 
92100 0.486746 
92200 0.486361 
92300 0.485976 
92400 0.485591 
92500 0.485206 
92600 0.484821 
92700 0.484436 
92800 0.484073 
92900 0.483711 
93000 0.483348 
93100 0.482986 
93200 0.482623 
93300 0.482261 
93400 0.481898 
93500 0.481536 
93600 0.481174 
93700 0.480811 
93800 0.480449 
93900 0.480086 
94000 0.479724 
94100 0.479362 
94200 0.478999 
94300 0.478637 
94400 0.478274 
94500 0.477912 
94600 0.477567 
94700 0.477225 
94800 0.476883 
94900 0.476542 
95000 0.4762 
95100 0.475859 
95200 0.475517 
95300 0.475176 
95400 0.474834 
95500 0.474493 
95600 0.474151 
95700 0.473809 
95800 0.473468 
95900 0.473126 
96000 0.472785 
96100 0.472443 
96200 0.472102 
96300 0.47176 
96400 0.471425 
96500 0.471103 
96600 0.470781 
96700 0.470459 
96800 0.470137 
96900 0.469815 
97000 0.469493 
97100 0.469171 
97200 0.468849 
97300 0.468527 
97400 0.468205 
97500 0.467883 
97600 0.467561 
97700 0.467239 
97800 0.466917 
97900 0.466595 
98000 0.466273 
98100 0.465951 
98200 0.465629 
98300 0.465316 
98400 0.465012 
98500 0.464708 
98600 0.464404 
98700 0.4641 
98800 0.463796 
98900 0.463492 
99000 0.463188 
99100 0.462884 
99200 0.46258 
99300 0.462276 
99400 0.461972 
99500 0.461668 
99600 0.461364 
99700 0.46106 
99800 0.460756 
99900 0.460452 
100000 0.460148 
100100 0.459844 
100200 0.459545 
100300 0.459258 
100400 0.458971 
100500 0.458684 
100600 0.458397 
100700 0.45811 
100800 0.457823 
100900 0.457536 
101000 0.457249 
101100 0.456962 
101200 0.456675 
101300 0.456387 
101400 0.4561 
101500 0.455813 
101600 0.455526 
101700 0.455239 
101800 0.454952 
101900 0.454665 
102000 0.454378 
102100 0.454091 
102200 0.453815 
102300 0.453543 
102400 0.453272 
102500 0.453 
102600 0.452728 
102700 0.452457 
102800 0.452185 
102900 0.451914 
103000 0.451642 
103100 0.45137 
103200 0.451099 
103300 0.450827 
103400 0.450556 
103500 0.450284 
103600 0.450013 
103700 0.449741 
103800 0.449469 
103900 0.449198 
104000 0.448926 
104100 0.448655 
104200 0.448394 
104300 0.448137 
104400 0.44788 
104500 0.447623 
104600 0.447366 
104700 0.447109 
104800 0.446853 
104900 0.446596 
105000 0.446339 
105100 0.446082 
105200 0.445825 
105300 0.445568 
105400 0.445311 
105500 0.445054 
105600 0.444797 
105700 0.44454 
105800 0.444283 
105900 0.444026 
106000 0.44377 
106100 0.443513 
106200 0.443261 
106300 0.443018 
106400 0.442774 
106500 0.442531 
106600 0.442288 
106700 0.442044 
106800 0.441801 
106900 0.441558 
107000 0.441314 
107100 0.441071 
107200 0.440828 
107300 0.440584 
107400 0.440341 
107500 0.440098 
107600 0.439854 
107700 0.439611 
107800 0.439368 
107900 0.439125 
108000 0.438881 
108100 0.438638 
108200 0.438395 
108300 0.438159 
108400 0.437928 
108500 0.437698 
108600 0.437467 
108700 0.437236 
108800 0.437006 
108900 0.436775 
109000 0.436544 
109100 0.436313 
109200 0.436083 
109300 0.435852 
109400 0.435621 
109500 0.435391 
109600 0.43516 
109700 0.434929 
109800 0.434698 
109900 0.434468 
110000 0.434237 
110100 0.434006 
110200 0.433776 
110300 0.433545 
110400 0.43332 
110500 0.433101 
110600 0.432882 
110700 0.432663 
110800 0.432444 
110900 0.432225 
111000 0.432006 
111100 0.431787 
111200 0.431569 
111300 0.43135 
111400 0.431131 
111500 0.430912 
111600 0.430693 
111700 0.430474 
111800 0.430255 
111900 0.430036 
112000 0.429817 
112100 0.429599 
112200 0.42938 
112300 0.429161 
112400 0.428942 
112500 0.428723 
112600 0.428514 
112700 0.428306 
112800 0.428098 
112900 0.42789 
113000 0.427682 
113100 0.427474 
113200 0.427266 
113300 0.427059 
113400 0.426851 
113500 0.426643 
113600 0.426435 
113700 0.426227 
113800 0.426019 
113900 0.425811 
114000 0.425603 
114100 0.425395 
114200 0.425187 
114300 0.424979 
114400 0.424772 
114500 0.424564 
114600 0.424356 
114700 0.424148 
114800 0.423949 
114900 0.423751 
115000 0.423554 
115100 0.423356 
115200 0.423159 
115300 0.422961 
115400 0.422763 
115500 0.422566 
115600 0.422368 
115700 0.422171 
115800 0.421973 
115900 0.421775 
116000 0.421578 
116100 0.42138 
116200 0.421183 
116300 0.420985 
116400 0.420787 
116500 0.42059 
116600 0.420392 
116700 0.420195 
116800 0.419997 
116900 0.419799 
117000 0.419606 
117100 0.419418 
117200 0.41923 
117300 0.419042 
117400 0.418854 
117500 0.418666 
117600 0.418478 
117700 0.41829 
117800 0.418102 
117900 0.417914 
118000 0.417726 
118100 0.417538 
118200 0.41735 
118300 0.417162 
118400 0.416974 
118500 0.416785 
118600 0.416597 
118700 0.416409 
118800 0.416221 
118900 0.416033 
119000 0.415845 
119100 0.415657 
119200 0.415469 
119300 0.415286 
119400 0.415107 
119500 0.414928 
119600 0.414749 
119700 0.41457 
119800 0.414391 
119900 0.414212 
120000 0.414032 
120100 0.413853 
120200 0.413674 
120300 0.413495 
120400 0.413316 
120500 0.413137 
120600 0.412958 
120700 0.412778 
120800 0.412599 
120900 0.41242 
121000 0.412241 
121100 0.412062 
121200 0.411883 
121300 0.411704 
121400 0.411525 
121500 0.411345 
121600 0.411169 
121700 0.410998 
121800 0.410827 
121900 0.410656 
122000 0.410486 
122100 0.410315 
122200 0.410144 
122300 0.409974 
122400 0.409803 
122500 0.409632 
122600 0.409461 
122700 0.409291 
122800 0.40912 
122900 0.408949 
123000 0.408778 
123100 0.408608 
123200 0.408437 
123300 0.408266 
123400 0.408096 
123500 0.407925 
123600 0.407754 
123700 0.407583 
123800 0.407413 
123900 0.407242 
124000 0.407075 
124100 0.406912 
124200 0.406749 
124300 0.406587 
124400 0.406424 
124500 0.406261 
124600 0.406098 
124700 0.405935 
124800 0.405772 
124900 0.405609 
125000 0.405446 
125100 0.405284 
125200 0.405121 
125300 0.404958 
125400 0.404795 
125500 0.404632 
125600 0.404469 
125700 0.404306 
125800 0.404144 
125900 0.403981 
126000 0.403818 
126100 0.403655 
126200 0.403492 
126300 0.403329 
126400 0.403168 
126500 0.403013 
126600 0.402857 
126700 0.402702 
126800 0.402546 
126900 0.402391 
127000 0.402235 
127100 0.402079 
127200 0.401924 
127300 0.401768 
127400 0.401613 
127500 0.401457 
127600 0.401302 
127700 0.401146 
127800 0.400991 
127900 0.400835 
128000 0.40068 
128100 0.400524 
128200 0.400368 
128300 0.400213 
128400 0.400057 
128500 0.399902 
128600 0.399746 
128700 0.399591 
128800 0.399435 
128900 0.399283 
129000 0.399135 
129100 0.398986 
129200 0.398837 
129300 0.398689 
129400 0.39854 
129500 0.398391 
129600 0.398243 
129700 0.398094 
129800 0.397945 
129900 0.397797 
130000 0.397648 
130100 0.397499 
130200 0.397351 
130300 0.397202 
130400 0.397053 
130500 0.396905 
130600 0.396756 
130700 0.396607 
130800 0.396458 
130900 0.39631 
131000 0.396161 
131100 0.396012 
131200 0.395864 
131300 0.395715 
131400 0.395569 
131500 0.395426 
131600 0.395284 
131700 0.395142 
131800 0.395 
131900 0.394857 
132000 0.394715 
132100 0.394573 
132200 0.394431 
132300 0.394288 
132400 0.394146 
132500 0.394004 
132600 0.393862 
132700 0.393719 
132800 0.393577 
132900 0.393435 
133000 0.393293 
133100 0.39315 
133200 0.393008 
133300 0.392866 
133400 0.392724 
133500 0.392581 
133600 0.392439 
133700 0.392297 
133800 0.392155 
133900 0.392012 
134000 0.391874 
134100 0.391738 
134200 0.391602 
134300 0.391466 
134400 0.39133 
134500 0.391193 
134600 0.391057 
134700 0.390921 
134800 0.390785 
134900 0.390649 
135000 0.390513 
135100 0.390377 
135200 0.39024 
135300 0.390104 
135400 0.389968 
135500 0.389832 
135600 0.389696 
135700 0.38956 
135800 0.389424 
135900 0.389287 
136000 0.389151 
136100 0.389015 
136200 0.388879 
136300 0.388743 
136400 0.388607 
136500 0.388471 
136600 0.388337 
136700 0.388207 
136800 0.388076 
136900 0.387946 
137000 0.387815 
137100 0.387685 
137200 0.387554 
137300 0.387424 
137400 0.387293 
137500 0.387163 
137600 0.387032 
137700 0.386902 
137800 0.386771 
137900 0.386641 
138000 0.38651 
138100 0.38638 
138200 0.386249 
138300 0.386119 
138400 0.385988 
138500 0.385858 
138600 0.385727 
138700 0.385597 
138800 0.385466 
138900 0.385336 
139000 0.385205 
139100 0.385075 
139200 0.384944 
139300 0.384818 
139400 0.384693 
139500 0.384567 
139600 0.384442 
139700 0.384317 
139800 0.384192 
139900 0.384067 
140000 0.383942 
140100 0.383817 
140200 0.383691 
140300 0.383566 
140400 0.383441 
140500 0.383316 
140600 0.383191 
140700 0.383066 
140800 0.382941 
140900 0.382815 
141000 0.38269 
141100 0.382565 
141200 0.38244 
141300 0.382315 
141400 0.38219 
141500 0.382064 
141600 0.381939 
141700 0.381814 
141800 0.381689 
141900 0.381564 
142000 0.381442 
142100 0.381321 
142200 0.381201 
142300 0.381081 
142400 0.380961 
142500 0.380841 
142600 0.380721 
142700 0.380601 
142800 0.380481 
142900 0.380361 
143000 0.38024 
143100 0.38012 
143200 0.38 
143300 0.37988 
143400 0.37976 
143500 0.37964 
143600 0.37952 
143700 0.3794 
143800 0.37928 
143900 0.379159 
144000 0.379039 
144100 0.378919 
144200 0.378799 
144300 0.378679 
144400 0.378559 
144500 0.378439 
144600 0.378319 
144700 0.378199 
144800 0.378082 
144900 0.377967 
145000 0.377851 
145100 0.377736 
145200 0.37762 
145300 0.377505 
145400 0.37739 
145500 0.377274 
145600 0.377159 
145700 0.377043 
145800 0.376928 
145900 0.376812 
146000 0.376697 
146100 0.376582 
146200 0.376466 
146300 0.376351 
146400 0.376235 
146500 0.37612 
146600 0.376004 
146700 0.375889 
146800 0.375773 
146900 0.375658 
147000 0.375543 
147100 0.375427 
147200 0.375312 
147300 0.375196 
147400 0.375081 
147500 0.374965 
147600 0.374852 
147700 0.374741 
147800 0.37463 
147900 0.37452 
148000 0.374409 
148100 0.374298 
148200 0.374187 
148300 0.374076 
148400 0.373965 
148500 0.373854 
148600 0.373743 
148700 0.373632 
148800 0.373521 
148900 0.37341 
149000 0.373299 
149100 0.373188 
149200 0.373077 
149300 0.372966 
149400 0.372855 
149500 0.372745 
149600 0.372634 
149700 0.372523 
149800 0.372412 
149900 0.372301 
150000 0.37219 
150100 0.372079 
150200 0.371968 
150300 0.371857 
150400 0.371746 
150500 0.371638 
150600 0.371531 
150700 0.371424 
150800 0.371318 
150900 0.371211 
151000 0.371104 
151100 0.370997 
151200 0.370891 
151300 0.370784 
151400 0.370677 
151500 0.37057 
151600 0.370464 
151700 0.370357 
151800 0.37025 
151900 0.370143 
152000 0.370037 
152100 0.36993 
152200 0.369823 
152300 0.369716 
152400 0.36961 
152500 0.369503 
152600 0.369396 
152700 0.369289 
152800 0.369183 
152900 0.369076 
153000 0.368969 
153100 0.368862 
153200 0.368756 
153300 0.368649 
153400 0.368543 
153500 0.36844 
153600 0.368338 
153700 0.368235 
153800 0.368132 
153900 0.368029 
154000 0.367927 
154100 0.367824 
154200 0.367721 
154300 0.367618 
154400 0.367515 
154500 0.367413 
154600 0.36731 
154700 0.367207 
154800 0.367104 
154900 0.367002 
155000 0.366899 
155100 0.366796 
155200 0.366693 
155300 0.366591 
155400 0.366488 
155500 0.366385 
155600 0.366282 
155700 0.36618 
155800 0.366077 
155900 0.365974 
156000 0.365871 
156100 0.365769 
156200 0.365666 
156300 0.365563 
156400 0.365461 
156500 0.365362 
156600 0.365263 
156700 0.365164 
156800 0.365065 
156900 0.364966 
157000 0.364867 
157100 0.364768 
157200 0.364669 
157300 0.36457 
157400 0.364471 
157500 0.364372 
157600 0.364273 
157700 0.364174 
157800 0.364075 
157900 0.363976 
158000 0.363877 
158100 0.363778 
158200 0.363679 
158300 0.36358 
158400 0.363481 
158500 0.363382 
158600 0.363283 
158700 0.363184 
158800 0.363085 
158900 0.362986 
159000 0.362887 
159100 0.362788 
159200 0.362689 
159300 0.36259 
159400 0.362491 
159500 0.362395 
159600 0.362299 
159700 0.362204 
159800 0.362108 
159900 0.362013 
160000 0.361917 
160100 0.361822 
160200 0.361726 
160300 0.361631 
160400 0.361535 
160500 0.36144 
160600 0.361344 
160700 0.361249 
160800 0.361153 
160900 0.361058 
161000 0.360963 
161100 0.360867 
161200 0.360772 
161300 0.360676 
161400 0.360581 
161500 0.360485 
161600 0.36039 
161700 0.360294 
161800 0.360199 
161900 0.360103 
162000 0.360008 
162100 0.359912 
162200 0.359817 
162300 0.359721 
162400 0.359626 
162500 0.35953 
162600 0.359437 
162700 0.359345 
162800 0.359253 
162900 0.35916 
163000 0.359068 
163100 0.358976 
163200 0.358884 
163300 0.358792 
163400 0.3587 
163500 0.358608 
163600 0.358516 
163700 0.358424 
163800 0.358332 
163900 0.358239 
164000 0.358147 
164100 0.358055 
164200 0.357963 
164300 0.357871 
164400 0.357779 
164500 0.357687 
164600 0.357595 
164700 0.357503 
164800 0.357411 
164900 0.357318 
165000 0.357226 
165100 0.357134 
165200 0.357042 
165300 0.35695 
165400 0.356858 
165500 0.356766 
165600 0.356674 
165700 0.356582 
165800 0.356492 
165900 0.356403 
166000 0.356314 
166100 0.356225 
166200 0.356136 
166300 0.356048 
166400 0.355959 
166500 0.35587 
166600 0.355781 
166700 0.355692 
166800 0.355603 
166900 0.355514 
167000 0.355425 
167100 0.355336 
167200 0.355248 
167300 0.355159 
167400 0.35507 
167500 0.354981 
167600 0.354892 
167700 0.354803 
167800 0.354714 
167900 0.354625 
168000 0.354537 
168100 0.354448 
168200 0.354359 
168300 0.35427 
168400 0.354181 
168500 0.354092 
168600 0.354003 
168700 0.353914 
168800 0.353826 
168900 0.353737 
169000 0.353649 
169100 0.353563 
169200 0.353477 
169300 0.353391 
169400 0.353305 
169500 0.353219 
169600 0.353133 
169700 0.353047 
169800 0.352962 
169900 0.352876 
170000 0.35279 
170100 0.352704 
170200 0.352618 
170300 0.352532 
170400 0.352446 
170500 0.35236 
170600 0.352274 
170700 0.352189 
170800 0.352103 
170900 0.352017 
171000 0.351931 
171100 0.351845 
171200 0.351759 
171300 0.351673 
171400 0.351587 
171500 0.351501 
171600 0.351415 
171700 0.35133 
171800 0.351244 
171900 0.351158 
172000 0.351072 
172100 0.350986 
172200 0.3509 
172300 0.350815 
172400 0.350732 
172500 0.350649 
172600 0.350566 
172700 0.350483 
172800 0.3504 
172900 0.350317 
173000 0.350234 
173100 0.350151 
173200 0.350068 
173300 0.349985 
173400 0.349902 
173500 0.349819 
173600 0.349736 
173700 0.349653 
173800 0.34957 
173900 0.349487 
174000 0.349404 
174100 0.349321 
174200 0.349238 
174300 0.349155 
174400 0.349072 
174500 0.348989 
174600 0.348907 
174700 0.348824 
174800 0.348741 
174900 0.348658 
175000 0.348575 
175100 0.348492 
175200 0.348409 
175300 0.348326 
175400 0.348243 
175500 0.34816 
175600 0.348077 
175700 0.347995 
175800 0.347915 
175900 0.347835 
176000 0.347755 
176100 0.347674 
176200 0.347594 
176300 0.347514 
176400 0.347434 
176500 0.347353 
176600 0.347273 
176700 0.347193 
176800 0.347113 
176900 0.347032 
177000 0.346952 
177100 0.346872 
177200 0.346792 
177300 0.346711 
177400 0.346631 
177500 0.346551 
177600 0.346471 
177700 0.34639 
177800 0.34631 
177900 0.34623 
178000 0.34615 
178100 0.346069 
178200 0.345989 
178300 0.345909 
178400 0.345829 
178500 0.345748 
178600 0.345668 
178700 0.345588 
178800 0.345508 
178900 0.345427 
179000 0.345347 
179100 0.345268 
179200 0.34519 
179300 0.345112 
179400 0.345035 
179500 0.344957 
179600 0.344879 
179700 0.344802 
179800 0.344724 
179900 0.344646 
180000 0.344569 
180100 0.344491 
180200 0.344413 
180300 0.344336 
180400 0.344258 
180500 0.344181 
180600 0.344103 
180700 0.344025 
180800 0.343948 
180900 0.34387 
181000 0.343792 
181100 0.343715 
181200 0.343637 
181300 0.343559 
181400 0.343482 
181500 0.343404 
181600 0.343326 
181700 0.343249 
181800 0.343171 
181900 0.343093 
182000 0.343016 
182100 0.342938 
182200 0.342861 
182300 0.342783 
182400 0.342705 
182500 0.342628 
182600 0.342551 
182700 0.342475 
182800 0.3424 
182900 0.342325 
183000 0.34225 
183100 0.342175 
183200 0.3421 
183300 0.342025 
183400 0.341949 
183500 0.341874 
183600 0.341799 
183700 0.341724 
183800 0.341649 
183900 0.341574 
184000 0.341498 
184100 0.341423 
184200 0.341348 
184300 0.341273 
184400 0.341198 
184500 0.341123 
184600 0.341048 
184700 0.340972 
184800 0.340897 
184900 0.340822 
185000 0.340747 
185100 0.340672 
185200 0.340597 
185300 0.340521 
185400 0.340446 
185500 0.340371 
185600 0.340296 
185700 0.340221 
185800 0.340146 
185900 0.340071 
186000 0.339995 
186100 0.33992 
186200 0.339846 
186300 0.339774 
186400 0.339701 
186500 0.339628 
186600 0.339555 
186700 0.339482 
186800 0.33941 
186900 0.339337 
187000 0.339264 
187100 0.339191 
187200 0.339118 
187300 0.339046 
187400 0.338973 
187500 0.3389 
187600 0.338827 
187700 0.338755 
187800 0.338682 
187900 0.338609 
188000 0.338536 
188100 0.338463 
188200 0.338391 
188300 0.338318 
188400 0.338245 
188500 0.338172 
188600 0.338099 
188700 0.338027 
188800 0.337954 
188900 0.337881 
189000 0.337808 
189100 0.337735 
189200 0.337663 
189300 0.33759 
189400 0.337517 
189500 0.337444 
189600 0.337371 
189700 0.337299 
189800 0.337226 
189900 0.337156 
190000 0.337085 
190100 0.337015 
190200 0.336944 
190300 0.336874 
190400 0.336803 
190500 0.336733 
190600 0.336662 
190700 0.336591 
190800 0.336521 
190900 0.33645 
191000 0.33638 
191100 0.336309 
191200 0.336239 
191300 0.336168 
191400 0.336098 
191500 0.336027 
191600 0.335957 
191700 0.335886 
191800 0.335816 
191900 0.335745 
192000 0.335675 
192100 0.335604 
192200 0.335533 
192300 0.335463 
192400 0.335392 
192500 0.335322 
192600 0.335251 
192700 0.335181 
192800 0.33511 
192900 0.33504 
193000 0.334969 
193100 0.334899 
193200 0.334828 
193300 0.334758 
193400 0.334687 
193500 0.334617 
193600 0.334548 
193700 0.33448 
193800 0.334412 
193900 0.334343 
194000 0.334275 
194100 0.334207 
194200 0.334138 
194300 0.33407 
194400 0.334001 
194500 0.333933 
194600 0.333865 
194700 0.333796 
194800 0.333728 
194900 0.33366 
195000 0.333591 
195100 0.333523 
195200 0.333454 
195300 0.333386 
195400 0.333318 
195500 0.333249 
195600 0.333181 
195700 0.333113 
195800 0.333044 
195900 0.332976 
196000 0.332908 
196100 0.332839 
196200 0.332771 
196300 0.332702 
196400 0.332634 
196500 0.332566 
196600 0.332497 
196700 0.332429 
196800 0.332361 
196900 0.332292 
197000 0.332224 
197100 0.332155 
197200 0.332087 
197300 0.332019 
197400 0.331953 
197500 0.331887 
197600 0.33182 
197700 0.331754 
197800 0.331688 
197900 0.331621 
198000 0.331555 
198100 0.331489 
198200 0.331423 
198300 0.331356 
198400 0.33129 
198500 0.331224 
198600 0.331157 
198700 0.331091 
198800 0.331025 
198900 0.330959 
199000 0.330892 
199100 0.330826 
199200 0.33076 
199300 0.330693 
199400 0.330627 
199500 0.330561 
199600 0.330494 
199700 0.330428 
199800 0.330362 
199900 0.330296 
200000 0.330229 
