89811.2
74409.9
62637.7
53475.3
46198.9
40314.7
35179.6
30942.7
27430.6
24443.6
21939.4
19738.4
17839.2
45429.5
44702.7
44014.3
43363.7
42749.5
46664.9
42904.3
39553.5
36518.2
35887.1
33382.9
31119.8
30299.3
28330.4
26555.2
24930.4
23446
22075.1
20797.9
19615.3
18533.3
17525.6
16595.3
15731.6
14927.7
14188.4
13502.7
12852.1
12245.6
11670.9
11134.9
10633
10168.1
9723.22
9306.37
8920.79
8552.39
8208.11
7874.19
7560.14
7263.06
6980.01
6714.53
6463.98
6226.78
6001.07
5785.44
5581.17
5386.21
5199.99
5025.89
4858.37
4696.87
4544.1
4399.69
4260.28
4127.51
3998.43
3876.35
3758.7
3645.67
3535.72
3432.74
3332.34
3236.58
3145.17
3055.79
2972.19
2890.03
2812.12
2736.56
2663.86
2594.18
2526.19
2461.87
2398.46
2339.1
2280.09
2225.51
2170.93
2116.27
2062.35
2015.15
1967.94
1923.26
1878.58
1835.93
1793.5
1752.42
1711.67
1673.73
1636.98
1601.8
1568.19
1534.65
1501.4
1468.14
3548.26
3470.66
3394.51
3319.34
3247.03
3181.42
3115.8
3050.75
2985.84
2923.29
2864.28
2805.27
2750.76
2696.74
2643.61
2592.55
2541.48
2491.46
3366.36
3309.8
3254.5
3199.21
3144.67
3091.89
3503.05
3444.23
3385.01
3325.79
3269.63
3214.77
3159.91
3108.64
3056.34
3004.05
2955.63
2907.63
2859.64
2814.92
2770.57
2726.22
2683.69
2641.63
2599.56
2558.83
2518.66
2478.5
2440.87
2404.93
2368.98
2333.63
2299.66
2265.68
2231.71
2199.16
2166.62
2134.08
2103.9
2074.73
2045.56
2016.7
1989.05
1961.4
1933.75
1906.92
1880.45
1853.98
1828.06
1804.29
1780.53
1756.77
1733.56
1710.92
1688.27
1665.62
1643.87
1622.34
1600.81
1579.49
1560.07
1540.66
1521.24
1501.53
1482.62
1463.7
1444.79
1426.24
1408.54
1390.83
1373.13
1355.86
1339.6
1323.33
1307.07
1291.03
1275.85
1260.68
1245.5
1230.33
1215.86
1201.39
1186.92
1172.45
1158.9
1145.59
1132.28
1118.97
1106.08
1093.6
1081.13
1068.66
1056.29
1044.89
1033.48
1022.07
1010.66
999.633
988.857
978.081
967.306
956.531
946.486
936.442
926.398
916.354
906.557
897.337
888.117
878.897
869.677
860.641
851.79
842.939
834.088
825.236
816.963
808.938
800.913
792.888
784.862
777.085
769.414
761.743
754.072
746.401
739.174
732.139
725.103
718.067
711.032
704.223
697.641
691.06
684.478
677.896
671.453
665.334
659.214
653.095
646.975
640.856
635.031
629.24
623.448
617.657
611.865
606.319
601.019
595.719
590.419
585.118
579.818
574.825
569.866
564.908
559.949
554.99
550.076
545.341
540.607
535.872
531.137
526.416
521.856
517.455
513.054
508.654
504.253
499.852
495.626
491.515
487.404
483.293
479.182
475.071
471.16
467.381
463.603
459.824
456.046
452.267
448.565
444.977
441.389
437.801
434.212
430.624
427.094
423.793
420.492
417.191
413.89
410.59
407.289
404.152
401.056
397.961
394.865
391.769
388.674
385.64
382.753
379.865
376.977
374.089
371.201
368.313
365.582
362.918
360.254
357.59
354.926
352.262
349.598
347.051
344.517
341.983
339.449
336.915
334.381
331.871
329.568
327.266
324.964
322.662
320.36
318.058
315.755
313.57
311.384
309.198
307.012
304.826
302.641
300.455
298.417
296.396
294.376
292.355
290.334
288.313
286.292
284.36
282.488
280.615
278.743
276.87
274.998
273.125
271.262
269.484
267.706
265.928
264.15
262.371
260.593
258.815
257.119
255.477
253.835
252.193
250.551
248.947
247.342
245.738
244.186
242.647
241.109
239.57
238.031
236.493
234.954
233.415
231.967
230.528
229.09
227.652
226.213
224.775
223.337
221.898
220.556
219.225
217.894
216.563
215.231
213.9
212.569
211.237
209.957
208.699
207.44
206.182
204.924
203.665
202.407
201.148
199.935
198.789
197.643
196.497
195.352
194.206
193.06
191.914
190.768
189.666
188.575
187.484
186.393
185.302
184.211
183.12
182.029
180.956
179.955
178.954
177.953
176.952
175.951
174.949
173.948
172.947
171.965
171.027
170.09
169.152
168.215
167.277
166.34
165.402
164.464
163.546
162.674
161.802
160.929
160.057
159.185
158.313
157.44
156.568
155.701
154.885
154.069
153.253
152.437
151.621
150.805
149.989
149.173
148.357
147.587
146.837
146.087
145.337
144.587
143.837
143.087
142.338
141.588
140.838
140.087
139.373
138.659
137.946
137.232
136.519
135.805
135.091
134.378
133.688
133.033
132.378
131.723
131.068
130.413
129.758
129.103
128.448
127.793
127.152
126.533
125.913
125.294
124.675
124.055
123.436
122.817
122.198
121.578
120.973
120.4
119.827
119.254
118.681
118.108
117.535
116.961
116.388
115.815
115.242
114.704
114.171
113.637
113.103
112.569
112.035
111.501
110.967
110.433
109.899
109.378
108.877
108.375
107.873
107.371
106.869
106.367
105.865
105.364
104.862
104.36
103.886
103.425
102.964
102.502
102.041
101.58
101.118
100.657
100.196
99.7343
99.273
98.8358
98.409
97.9823
97.5555
97.1288
96.702
96.2753
95.8485
95.4218
94.995
94.5682
94.153
93.7492
93.3455
92.9418
92.538
92.1343
91.7305
91.3268
90.9231
90.5193
90.1155
89.7135
89.3266
88.9396
88.5527
88.1657
87.7788
87.3919
87.027
86.6623
86.2975
85.9327
85.5679
85.2105
84.8605
84.5104
84.1604
83.8103
83.4603
83.1102
82.7602
82.4101
82.0601
81.71
81.3599
81.0262
80.6995
80.3727
80.046
79.7192
79.3925
79.0658
78.739
78.4123
78.0855
77.7588
77.432
77.12
76.8178
76.5155
76.2133
75.911
75.6088
75.3066
75.0043
74.7021
74.3998
74.0976
73.7954
73.4974
73.2095
72.9215
72.6335
72.3456
72.0576
71.7696
71.4817
71.1937
70.9058
70.6178
70.3298
70.0419
69.7741
69.5113
69.2485
68.9857
68.723
68.4602
68.1974
67.9346
67.6719
67.4091
67.1463
66.8836
66.6208
66.3775
66.1343
65.8911
65.6478
65.4046
65.1613
64.9181
64.6749
64.4316
64.1884
63.9451
63.7019
63.4586
63.2267
62.996
62.7653
62.5345
62.3038
62.0731
61.8424
61.6117
61.381
61.1503
60.9196
60.6889
60.4582
60.2384
60.026
59.8135
59.6011
59.3887
59.1763
58.9638
58.7514
58.539
58.3265
58.1141
57.9017
57.6892
57.4782
57.2793
57.0805
56.8817
56.6828
56.484
56.2852
56.0863
55.8875
55.6887
55.4898
55.291
55.0922
54.8933
54.6988
54.5142
54.3297
54.1451
53.9605
53.776
53.5914
53.4069
53.2223
53.0377
52.8532
52.6686
52.4841
52.2995
52.1174
51.9453
51.7732
51.6011
51.429
51.2569
51.0848
50.9127
50.7406
50.5685
50.3964
50.2242
50.0521
49.88
49.7079
49.5448
49.3839
49.2231
49.0622
48.9014
48.7405
48.5797
48.4188
48.2579
48.0971
47.9362
47.7754
47.6145
47.4536
47.2951
47.146
46.9969
46.8478
46.6987
46.5497
46.4006
46.2515
46.1024
45.9533
45.8042
45.6551
45.506
45.3569
45.2078
45.0606
44.9213
44.7819
44.6425
44.5032
44.3638
44.2244
44.0851
43.9457
43.8063
43.667
43.5276
43.3882
43.2489
43.1095
42.9701
42.8373
42.7046
42.5718
42.439
42.3063
42.1735
42.0432
41.9129
41.7826
41.6522
41.5219
41.3916
41.2613
171.406
170.865
170.334
169.815
169.295
168.776
168.256
167.736
167.217
166.697
166.178
165.658
165.139
164.619
164.099
163.58
163.06
162.541
162.04
161.553
161.065
160.578
160.091
159.603
159.116
158.628
158.141
157.653
157.166
156.678
156.191
155.703
155.216
154.728
154.259
153.809
153.358
152.908
152.457
152.006
151.556
151.105
150.654
150.204
149.753
149.303
148.852
148.401
147.951
147.5
147.05
146.626
146.202
145.778
145.354
144.93
144.506
144.081
143.657
143.233
142.809
142.385
141.961
141.537
141.113
140.689
140.265
139.85
139.453
139.056
138.659
138.262
137.865
137.468
137.072
136.675
136.278
135.881
135.484
135.087
134.691
134.294
133.897
133.5
133.11
132.746
132.381
132.017
131.653
131.289
130.925
130.561
130.196
129.832
129.468
129.104
128.74
128.376
128.011
127.647
127.283
126.919
126.568
126.224
125.879
125.534
125.189
124.844
124.5
124.155
123.81
123.465
123.121
122.776
122.431
122.086
121.742
121.397
121.052
120.707
120.385
120.066
119.746
119.427
119.107
118.788
118.468
118.149
117.829
117.51
117.19
116.871
116.551
116.232
115.912
115.593
115.273
114.954
114.653
114.356
114.059
113.763
113.466
113.169
112.873
112.576
112.279
111.983
111.686
111.39
111.093
110.796
110.5
110.203
109.906
109.61
109.318
109.039
108.76
108.48
108.201
107.922
107.642
107.363
107.083
106.804
106.525
106.245
105.966
105.687
105.407
105.128
104.849
104.569
104.29
104.019
103.756
103.493
103.23
102.967
102.704
102.441
102.178
101.915
101.652
101.389
101.126
100.863
100.6
100.337
100.074
99.8106
99.5476
99.3411
99.1346
98.883
98.6314
98.3799
98.1283
97.8767
97.6252
97.3736
97.1221
96.8705
96.6189
96.3674
96.1158
95.8642
95.6127
95.3611
95.1095
94.858
94.6064
94.3549
94.1306
93.9064
93.6821
93.4579
93.2337
93.0095
92.7852
92.561
92.3368
92.1125
91.8883
91.6641
91.4398
91.2156
90.9914
90.7672
90.5429
90.3186
90.0944
89.8702
89.6651
89.4599
89.2548
89.0497
88.8446
88.6395
88.4343
88.2292
88.0241
87.8189
87.6138
87.4087
87.2036
86.9985
86.7933
86.5882
86.3831
86.1779
85.9728
85.7677
85.5626
85.356
85.1495
84.943
84.7364
84.5299
84.3234
84.1169
83.9103
83.7038
83.4973
83.2907
83.0842
82.8777
82.6711
82.4646
82.2581
82.0516
81.845
81.6385
81.432
81.255
81.0779
80.9009
80.7239
80.5468
80.3698
80.1928
80.0157
79.8387
79.6617
79.4847
79.3076
79.1306
78.9536
78.7766
78.5995
78.4225
78.2455
78.0685
77.8914
77.7144
77.5374
77.3632
77.189
77.0147
76.8405
76.6663
76.4921
76.3179
76.1437
75.9694
75.7952
75.621
75.4468
75.2726
75.0983
74.9241
74.7499
74.5757
74.4015
74.2273
74.0531
73.8789
73.7179
73.557
73.3961
73.2351
73.0742
72.9132
72.7523
72.5914
72.4305
72.2695
72.1086
71.9477
71.7867
71.6258
71.4649
71.3039
71.143
70.9821
70.8211
70.6602
70.4993
70.3383
70.1921
70.0458
69.8996
69.7534
69.6071
69.4609
69.3146
69.1684
69.0222
68.876
68.7297
68.5835
68.4372
68.291
68.1448
67.9985
67.8523
67.706
67.5598
67.4136
67.2673
67.1211
66.9748
66.83
66.6852
66.5403
66.3955
66.2506
66.1058
65.961
65.8161
65.6713
65.5265
65.3816
65.2368
65.0919
64.9471
64.8023
64.6574
64.5126
64.3677
64.2229
64.0781
63.9332
63.7884
63.6605
63.5327
63.4048
63.277
63.1491
63.0213
62.8934
62.7655
62.6377
62.5098
62.382
62.2541
62.1263
61.9984
61.8706
61.7427
61.6149
61.487
61.3592
61.2313
61.1035
60.9756
60.8478
60.7199
60.6004
60.4809
60.3614
60.242
60.1225
60.003
59.8835
59.764
59.6445
59.525
59.4055
59.286
59.1665
59.047
58.9275
58.808
58.6885
58.569
58.4496
58.3301
58.2106
58.0911
57.9716
57.8521
57.7375
57.6229
57.5084
57.3938
57.2792
57.1647
57.0501
56.9355
56.8209
56.7063
56.5918
56.4772
56.3626
56.2481
56.1335
56.0189
55.9043
55.7897
55.6752
55.5606
55.446
55.3314
55.2169
55.1023
54.9931
54.884
54.7748
54.6656
54.5565
54.4473
54.3381
54.229
54.1198
54.0106
53.9015
53.7923
53.6831
53.574
53.4648
53.3556
53.2465
53.1373
53.0281
52.919
52.8098
52.7006
52.5915
52.4823
52.3865
52.2908
52.195
52.0992
52.0034
51.9076
51.8119
51.7161
51.6203
51.5246
51.4288
51.333
51.2372
51.1414
51.0457
50.9499
50.8541
50.7583
50.6626
50.5668
50.471
50.3753
50.2795
50.1837
50.0879
49.9921
49.8975
49.8028
49.7082
49.6135
49.5189
49.4242
49.3296
49.2349
49.1403
49.0456
48.951
48.8563
48.7617
48.667
48.5724
48.4777
48.3831
48.2884
48.1938
48.0991
48.0045
47.9098
47.8152
47.7205
47.6259
47.5422
47.4585
47.3748
47.2911
47.2074
47.1237
47.04
46.9563
46.8726
46.7888
46.7051
46.6214
46.5377
46.454
46.3703
46.2866
46.2029
46.1192
46.0355
45.9518
45.8681
45.7844
45.7007
45.617
45.5333
45.4496
45.3659
45.2835
45.2011
45.1187
45.0363
44.9539
44.8716
44.7892
44.7068
44.6244
44.542
44.4596
44.3772
44.2949
44.2125
44.1301
44.0477
43.9653
43.8829
43.8005
43.7182
43.6358
43.5534
43.471
43.3886
43.3062
43.2239
43.1482
43.0726
42.997
42.9214
42.8458
42.7701
42.6945
42.6189
42.5433
42.4677
42.392
42.3164
42.2408
42.1652
42.0896
42.014
41.9383
41.8627
41.7871
41.7115
41.6359
41.5602
41.4846
41.409
41.3334
41.2578
41.1822
41.1128
41.0435
40.9741
40.9048
40.8355
40.7661
40.6968
40.6275
40.5581
40.4888
40.4195
40.3501
40.2808
40.2115
40.1421
40.0728
40.0034
39.9341
39.8648
39.7954
39.7261
39.6568
39.5874
39.5181
39.4488
39.3794
39.3101
39.2408
39.1746
39.1084
39.0422
38.9761
38.9099
38.8437
38.7775
38.7114
38.6452
38.579
38.5129
38.4467
38.3805
38.3143
38.2482
38.182
38.1158
38.0496
37.9835
37.9173
37.8511
37.7849
37.7188
37.6526
37.5864
37.5202
37.4541
37.3879
37.3279
37.268
37.208
37.1481
37.0881
37.0282
36.9682
36.9083
36.8483
36.7884
36.7284
36.6685
36.6085
36.5485
36.4886
36.4286
36.3687
36.3087
36.2488
36.1888
36.1289
36.0689
36.009
35.949
35.8891
35.8242
35.7593
35.6943
35.6294
35.5738
35.5181
35.4624
35.4068
35.3511
35.2954
35.2398
35.1841
35.1284
35.0728
35.0171
34.9615
34.9058
34.8501
34.7945
34.7388
34.6831
34.6275
34.5718
34.5161
34.4605
34.4048
34.3491
34.2935
34.2378
34.1821
34.1265
34.0708
34.0152
33.9595
33.9064
33.8533
33.8002
33.7471
33.6939
33.6408
33.5877
33.5346
33.4815
33.4284
33.3753
33.3222
33.2691
33.216
33.1629
33.1098
33.0567
33.0035
32.9504
32.8973
32.8442
32.7911
32.738
32.6849
32.6318
32.5787
32.5256
32.4725
32.4194
32.3663
32.3157
32.2652
32.2146
32.164
32.1135
32.063
32.0124
31.9618
31.9113
31.8607
31.8102
31.7596
31.7091
31.6585
31.608
31.5574
31.5069
31.4563
31.4058
31.3552
31.3047
31.2541
31.2036
31.153
31.1025
31.0519
31.0014
30.9508
30.9003
30.8497
30.8033
30.7568
30.7104
30.6639
30.6175
30.5711
30.5246
30.4782
30.4317
30.3853
30.3388
30.2924
30.2459
30.1995
30.153
30.1066
30.0602
30.0137
29.9673
29.9208
29.8744
29.8279
29.7815
29.735
29.6886
29.6421
29.5957
29.5493
29.5028
29.4564
29.4099
29.3671
29.3244
29.2816
29.2388
29.196
29.1532
29.1105
29.0677
29.0249
28.9821
28.9393
28.8965
28.8538
28.811
28.7682
28.7254
28.6826
28.6399
28.5971
28.5543
28.5115
28.4687
28.426
28.3832
28.3404
28.2976
28.2548
28.212
28.1693
28.1265
28.0837
28.0409
28.0014
27.9619
27.9224
27.8828
27.8433
27.8038
27.7643
27.7248
27.6853
27.6457
27.6062
27.5667
27.5272
27.4877
27.4481
27.4086
27.3691
27.3296
27.2901
27.2506
27.211
27.1715
27.132
27.0925
27.053
27.0135
26.9739
26.9344
26.8949
26.8554
26.8159
26.7763
26.7368
26.6993
26.6617
26.6242
26.5866
26.5491
26.5115
26.474
26.4364
26.3989
26.3613
26.3238
26.2862
26.2487
26.2111
26.1736
26.136
26.0985
26.0609
26.0234
25.9858
25.9483
25.9107
25.8732
25.8356
25.7981
25.7605
25.7229
25.6854
25.6478
25.6103
25.5727
25.5352
25.4976
25.4619
25.4261
25.3904
25.3546
25.3188
25.2831
25.2473
25.2115
25.1758
25.14
25.1043
25.0685
25.0327
24.997
24.9612
24.9254
24.8897
24.8539
24.8182
24.7824
24.7466
24.7109
24.6751
24.6393
24.6036
24.5678
24.532
24.4963
24.4605
24.4248
24.389
24.3532
24.3175
24.2854
24.2534
24.2214
24.1893
24.1573
24.1253
24.0932
24.0612
24.0292
23.9971
23.9651
23.9331
23.901
23.869
23.837
23.8049
23.7729
23.7409
23.7088
23.6768
23.6448
23.6127
23.5807
23.5487
23.5166
23.4846
23.4526
23.4205
23.3885
23.3565
23.3244
23.2924
23.2604
23.2283
23.1963
23.166
23.1356
23.1053
23.0749
23.0446
23.0142
22.9839
22.9535
22.9232
22.8928
22.8625
22.8321
22.8018
22.7714
22.7411
22.7108
22.6804
22.6501
22.6197
22.5894
22.559
22.5287
22.4983
22.468
22.4376
22.4073
22.3769
22.3466
22.3162
22.2859
22.2555
22.2252
22.1948
22.1645
22.1342
22.1052
22.0762
22.0472
22.0182
21.9892
21.9602
21.9312
21.9022
21.8732
21.8442
21.8152
21.7862
21.7572
21.7282
21.6992
21.6702
21.6412
21.6122
21.5832
21.5542
21.5252
21.4962
21.4672
21.4382
21.4092
21.3802
21.3512
21.3222
21.2932
21.2642
21.2352
21.2062
21.1772
21.1482
21.1192
21.0932
21.0672
21.0412
21.0152
20.9892
20.9632
20.9372
20.9112
20.8852
20.8592
20.8332
20.8073
20.7813
20.7553
20.7293
20.7033
20.6773
20.6513
20.6253
20.5993
20.5733
20.5473
20.5213
20.4953
20.4693
20.4433
20.4173
20.3913
20.3653
20.3393
20.3133
20.2873
20.2613
20.2353
20.2094
20.1834
20.1574
20.1326
20.1079
20.0832
20.0585
20.0338
20.009
19.9843
19.9596
19.9349
19.9102
19.8854
19.8607
19.836
19.8113
19.7866
19.7618
19.7371
19.7124
19.6877
19.663
19.6382
19.6135
19.5888
19.5641
19.5394
19.5146
19.4899
19.4652
19.4405
19.4158
19.391
19.3663
19.3416
19.3169
19.2922
19.2674
19.2427
19.2199
19.1971
19.1742
19.1514
19.1286
19.1058
19.0829
19.0601
19.0373
19.0145
18.9916
18.9688
18.946
18.9231
18.9003
18.8775
18.8547
18.8318
18.809
18.7862
18.7634
18.7405
18.7177
18.6949
18.6721
18.6492
18.6264
18.6036
18.5807
18.5579
18.5351
18.5123
18.4894
18.4666
18.4438
18.421
18.3981
18.3753
18.3534
18.3316
18.3097
18.2879
18.266
18.2442
18.2223
18.2005
18.1786
18.1567
18.1349
18.113
18.0912
18.0693
18.0475
18.0256
18.0038
17.9819
17.9601
17.9382
17.9163
17.8945
17.8726
17.8508
17.8289
17.8071
17.7852
17.7638
17.7423
17.7208
17.6994
17.6779
17.6565
17.635
17.6136
17.5921
17.5706
17.5492
17.5296
17.5099
17.4903
17.4707
17.4511
17.4315
17.4118
17.3922
17.3726
17.353
17.3334
17.3137
17.2941
17.2745
17.2549
17.2353
17.2156
17.196
17.1764
17.1568
17.1371
17.1175
17.0979
17.0783
17.0587
17.039
17.0194
16.9998
16.9802
16.9606
16.9409
16.9213
16.9017
16.8821
16.8625
16.8428
16.8232
16.8036
16.784
16.7644
16.7456
16.7269
16.7082
16.6894
16.6707
16.652
16.6332
16.6145
16.5957
16.577
16.5583
16.5395
16.5208
16.5021
16.4833
16.4646
16.4459
16.4271
16.4084
16.3897
16.3709
16.3522
16.3335
16.3147
16.296
16.2773
16.2585
16.2398
16.221
16.2023
16.1836
16.1648
16.1461
16.1274
16.1086
16.0899
16.0712
16.0524
16.0337
16.0149
15.9977
15.9804
15.9631
15.9459
15.9286
15.9113
15.8941
15.8768
15.8595
15.8422
15.825
15.8077
15.7904
15.7732
15.7559
15.7386
15.7213
15.7041
15.6868
15.6695
15.6523
15.635
15.6177
15.6005
15.5832
15.5659
15.5486
15.5314
15.5141
15.4968
15.4796
15.4623
15.445
15.4277
15.4105
15.3932
15.3759
15.3587
15.3414
15.3241
15.3068
15.2904
15.274
15.2576
15.2412
15.2248
15.2084
15.192
15.1756
15.1592
15.1428
15.1264
15.11
15.0936
15.0771
15.0607
15.0443
15.0279
15.0115
14.9951
14.9787
14.9623
14.9459
14.9295
14.9131
14.8967
14.8803
14.8639
14.8474
14.831
14.8146
14.7982
14.7818
14.7654
14.749
14.7326
14.7162
14.6998
14.6834
14.667
14.6506
14.6341
14.6192
14.6042
14.5893
14.5743
14.5594
14.5444
14.5294
14.5145
14.4995
14.4846
14.4696
14.4547
14.4397
14.4247
14.4098
14.3948
14.3799
14.3649
14.3499
14.335
14.32
14.3051
14.2901
14.2752
14.2602
14.2452
14.2303
14.2153
14.2004
14.1854
14.1705
14.1555
14.1405
14.1256
14.1106
14.0957
14.0807
14.0657
14.0508
14.0358
14.0209
14.0059
13.991
13.9768
13.9627
13.9485
13.9344
13.9203
13.9061
13.892
13.8779
13.8637
13.8496
13.8355
13.8213
13.8072
13.7931
13.7789
13.7648
13.7507
13.7365
13.7224
13.7083
13.6941
13.68
13.6659
13.6517
13.6376
13.6235
13.6093
13.5952
13.5811
13.5669
13.5528
13.5386
13.5245
13.5104
13.4962
13.4821
13.468
13.4538
13.4397
13.4256
13.4114
13.3973
13.3832
13.37
13.3569
13.3437
13.3306
13.3175
13.3043
13.2912
13.278
13.2649
13.2517
13.2386
13.2255
13.2123
13.1992
13.186
13.1729
13.1597
13.1466
13.1335
13.1203
13.1072
13.094
13.0809
13.0677
13.0546
13.0415
13.0283
13.0152
13.002
12.9889
12.9757
12.9626
12.9495
12.9363
12.9232
12.91
12.8969
12.8837
12.8706
12.8575
12.8443
12.8312
12.818
12.8049
12.7926
12.7802
12.7679
12.7556
12.7432
12.7309
12.7186
12.7063
12.6939
12.6816
12.6693
12.657
12.6446
12.6323
12.62
12.6077
12.5953
12.583
12.5707
12.5584
12.546
12.5337
12.5214
12.5091
12.4967
12.4844
12.4721
12.4597
12.4474
12.4351
12.4228
12.4104
12.3981
12.3858
12.3735
12.3611
12.3488
12.3365
12.3242
12.3118
12.2995
12.2872
12.2749
12.2625
12.2502
12.2389
12.2276
12.2163
12.205
12.1938
12.1825
12.1712
12.1599
12.1486
12.1373
12.126
12.1147
12.1034
12.0922
12.0809
12.0696
12.0583
12.047
12.0357
12.0244
12.0131
12.0019
11.9906
11.9793
11.968
11.9567
11.9454
11.9341
11.9228
11.9115
11.9003
11.889
11.8777
11.8664
11.8551
11.8438
11.8325
11.8212
11.8099
11.7987
11.7874
11.7761
11.7648
11.7535
11.7422
11.7309
11.7203
11.7096
11.6989
11.6882
11.6776
11.6669
11.6562
11.6455
11.6349
11.6242
11.6135
11.6029
11.5922
11.5815
11.5708
11.5602
11.5495
11.5388
11.5282
11.5175
11.5068
11.4961
11.4855
11.4748
11.4641
11.4535
11.4428
11.4321
11.4214
11.4108
11.4001
11.3894
11.3788
11.3681
11.3574
11.3467
11.3361
11.3254
11.3147
11.3041
11.2934
11.2827
11.272
11.2614
11.2507
11.24
11.2293
11.2195
11.2097
11.1998
11.19
11.1802
11.1703
11.1605
11.1507
11.1408
11.131
11.1212
11.1113
11.1015
11.0917
11.0818
11.072
11.0622
11.0523
11.0425
11.0327
11.0228
11.013
11.0031
10.9933
10.9835
10.9736
10.9638
10.954
10.9441
10.9343
10.9245
10.9146
10.9048
10.895
10.8851
10.8753
10.8655
10.8556
10.8458
10.836
10.8261
10.8163
10.8065
10.7966
10.7868
10.7769
10.7671
10.7573
10.7479
10.7386
10.7292
10.7199
10.7106
10.7012
10.6919
10.6825
10.6732
10.6638
10.6545
10.6452
10.6358
10.6265
10.6171
10.6078
10.5984
10.5891
10.5798
10.5704
10.5611
10.5517
10.5424
10.533
10.5237
10.5144
10.505
10.4957
10.4863
10.477
10.4676
10.4583
10.449
10.4396
10.4303
10.4209
10.4116
10.4022
10.3929
10.3836
10.3742
10.3649
10.3555
10.3462
10.3368
10.3275
10.3182
10.3088
10.3002
10.2916
10.283
10.2744
10.2657
10.2571
10.2485
10.2399
10.2313
10.2227
10.214
10.2054
10.1968
10.1882
10.1796
10.171
10.1624
10.1537
10.1451
10.1365
10.1279
10.1193
10.1107
10.102
10.0934
10.0848
10.0762
10.0676
10.059
10.0504
10.0417
10.0331
10.0245
10.0159
10.0073
9.99866
9.99005
9.98143
9.97282
9.9642
9.95559
9.94697
9.93836
9.92974
9.92113
9.91251
9.9039
9.89528
9.88667
9.87805
9.87007
9.86208
9.8541
9.84612
9.83813
9.83015
9.82217
9.81418
9.8062
9.79822
9.79023
9.78225
9.77427
9.76628
9.7583
9.75031
9.74233
9.73435
9.72636
9.71838
9.7104
9.70241
9.69443
9.68645
9.67846
9.67048
9.66249
9.65451
9.64653
9.63854
9.63056
9.62258
9.6146
9.60661
9.59863
9.59064
9.58266
9.57468
9.56669
9.55871
9.55073
9.54274
9.53476
9.52678
9.51879
9.51081
9.50283
9.49484
9.48686
9.47888
9.47089
9.46337
9.45585
9.44833
9.44081
9.43329
9.42577
9.41825
9.41073
9.4032
9.39568
9.38816
9.38064
9.37312
9.3656
9.35808
9.35056
9.34304
9.33552
9.328
9.32048
9.31296
9.30544
9.29792
9.29039
9.28287
9.27535
9.26783
9.26031
9.25279
9.24527
9.23775
9.23023
9.22271
9.21519
9.20767
9.20014
9.19263
9.1851
9.17758
9.17006
9.16254
9.15502
9.1475
9.13998
9.13246
9.12494
9.11742
9.1099
9.10238
9.09486
9.08733
9.08032
9.07331
9.06629
9.05928
9.05226
9.04525
9.03823
9.03122
9.02421
9.01719
9.01018
9.00316
8.99615
8.98913
8.98212
8.97511
8.96809
8.96108
8.95406
8.94705
8.94004
8.93302
8.92601
8.91899
8.91198
8.90496
8.89795
8.89094
8.88392
8.87691
8.86989
8.86288
8.85587
8.84885
8.84184
8.83482
8.82781
8.82079
8.81378
8.80677
8.79975
8.79274
8.78572
8.77871
8.77169
8.76468
8.75767
8.75065
8.74364
8.73662
8.72961
8.72259
8.71558
8.70901
8.70244
8.69587
8.6893
8.68274
8.67617
8.6696
8.66303
8.65646
8.64989
8.64332
8.63675
8.63018
8.62362
8.61705
8.61048
8.60391
8.59734
8.59077
8.5842
8.57763
8.57106
8.5645
8.55793
8.55136
8.54479
8.53822
8.53165
8.52508
8.51851
8.51194
8.50538
8.49881
8.49224
8.48567
8.4791
8.47253
8.46596
8.45939
8.45282
8.44626
8.43969
8.43312
8.42655
8.41998
8.41341
8.40684
8.40027
8.3937
8.38714
8.38057
8.374
8.36743
8.36131
8.3552
8.34908
8.34297
8.33685
8.33074
8.32462
8.31851
8.31239
8.30627
8.30016
8.29404
8.28793
8.28181
8.2757
8.26958
8.26347
8.25735
8.25124
8.24512
8.23901
8.23289
8.22677
8.22066
8.21454
8.20843
8.20231
8.1962
8.19008
8.18397
8.17785
8.17173
8.16562
8.1595
8.15339
8.14727
8.14116
8.13504
8.12893
8.12281
8.1167
8.11058
8.10447
8.09835
8.09223
8.08612
8.08
8.07389
8.06777
8.06166
8.05554
8.04943
8.04331
8.0372
8.03108
8.02549
8.01991
8.01433
8.00874
8.00316
7.99757
7.99199
7.9864
7.98082
7.97523
7.96965
7.96406
7.95848
7.95289
7.94731
7.94172
7.93614
7.93055
7.92497
7.91938
7.9138
7.90822
7.90263
7.89705
7.89146
7.88588
7.88029
7.87471
7.86912
7.86354
7.85795
7.85237
7.84678
7.8412
7.83561
7.83003
7.82444
7.81886
7.81327
7.80769
7.80211
7.79652
7.79094
7.78535
7.77977
7.77418
7.7686
7.76301
7.75743
7.75184
7.74626
7.74067
7.73509
7.7295
7.72392
7.71833
7.71305
7.70777
7.70249
7.69722
7.69194
7.68666
7.68138
7.6761
7.67082
7.66554
7.66026
7.65498
7.6497
7.64442
7.63914
7.63386
7.62858
7.6233
7.61802
7.61274
7.60746
7.60218
7.5969
7.59162
7.58634
7.58106
7.57578
7.5705
7.56522
7.55994
7.55466
7.54938
7.5441
7.53882
7.53354
7.52826
7.52298
7.5177
7.51242
7.50714
7.50186
7.49659
7.49131
7.48603
7.48075
7.47547
7.47019
7.46491
7.45963
7.45435
7.44907
7.44379
7.43851
7.43323
7.42795
7.42267
7.41739
7.41229
7.40718
7.40208
7.39698
7.39187
7.38677
7.38167
7.37656
7.37146
7.36635
7.36125
7.35615
7.35104
7.34594
7.34084
7.33573
7.33063
7.32553
7.32042
7.31532
7.31022
7.30511
7.30001
7.29491
7.2898
7.2847
7.2796
7.27449
7.26939
7.26429
7.25918
7.25408
7.24898
7.24387
7.23877
7.23366
7.22856
7.22378
7.21901
7.21423
7.20945
7.20468
7.1999
7.19512
7.19035
7.18557
7.18079
7.17602
7.17124
7.16646
7.16169
7.15691
7.15213
7.14735
7.14258
7.1378
7.13302
7.12825
7.12355
7.11885
7.11415
7.10944
7.10474
7.10004
7.09534
7.09064
7.08594
7.08124
7.07654
7.07184
7.06714
7.06244
7.05774
7.05304
7.04834
7.04363
7.03893
7.03423
7.02953
7.02483
7.02013
7.01543
7.01073
7.00603
7.00133
6.99663
6.99193
6.98723
6.98253
6.97782
6.97312
6.96842
6.96372
6.95902
6.95432
6.94962
6.94492
6.94022
6.93552
6.93082
6.92612
6.92142
6.91672
6.91201
6.90731
6.90261
6.89791
6.89321
6.88851
6.88381
6.87911
6.87441
6.86971
6.86501
6.86031
6.85561
6.85091
6.84658
6.84225
6.83792
6.8336
6.82927
6.82494
6.82062
6.81629
6.81196
6.80763
6.80331
6.79898
6.79465
6.79032
6.786
6.78167
6.77734
6.77301
6.76869
6.76436
6.76003
6.75571
6.75138
6.74705
6.74272
6.7384
6.73407
6.72974
6.72541
6.72109
6.71676
6.71243
6.70811
6.70378
6.69945
6.69512
6.6908
6.68647
6.68214
6.67781
6.67349
6.66916
6.66483
6.66051
6.65618
6.65185
6.64752
6.6432
6.63887
6.63454
6.63021
6.62589
6.62156
6.61723
6.6129
6.60858
6.60425
6.59992
6.5956
6.59127
6.58721
6.58314
6.57908
6.57502
6.57095
6.56689
6.56283
6.55876
6.5547
6.55064
6.54658
6.54251
6.53845
6.53439
6.53032
6.52626
6.5222
6.51814
6.51407
6.51001
6.50595
6.50188
6.49782
6.49376
6.4897
6.48563
6.48157
6.47751
6.47344
6.46938
6.46532
6.46126
6.45719
6.45313
6.44907
6.445
6.44094
6.43688
6.43282
6.42875
6.42469
6.42063
6.41656
6.4125
6.40844
6.40438
6.40031
6.39625
6.39219
6.38812
6.38406
6.38
6.37593
6.37187
6.36781
6.36375
6.35968
6.35562
6.35156
6.34749
6.34343
6.33968
6.33594
6.33219
6.32845
6.3247
6.32095
6.31721
6.31346
6.30971
6.30597
6.30222
6.29847
6.29473
6.29098
6.28723
6.28349
6.27974
6.27599
6.27225
6.2685
6.26475
6.26101
6.25726
6.25351
6.24977
6.24602
6.24227
6.23853
6.23478
6.23103
6.22729
6.22354
6.21979
6.21605
6.2123
6.20855
6.20481
6.20106
6.19732
6.19357
6.18982
6.18608
6.18233
6.17858
6.17484
6.17109
6.16734
6.1636
6.15985
6.1561
6.15236
6.14861
6.14486
6.14112
6.13737
6.13362
6.12988
6.12613
6.12238
6.11864
6.11489
6.11114
6.1074
6.1039
6.10041
6.09691
6.09342
6.08992
6.08643
6.08294
6.07944
6.07595
6.07245
6.06896
6.06546
6.06197
6.05848
6.05498
6.05149
6.04799
6.0445
6.041
6.03751
6.03401
6.03052
6.02703
6.02353
6.02004
6.01654
6.01305
6.00955
6.00606
6.00256
5.99907
5.99558
5.99208
5.98859
5.98509
5.9816
5.9781
5.97461
5.97111
5.96762
5.96413
5.96063
5.95714
5.95364
5.95015
5.94665
5.94316
5.93966
5.93617
5.93268
5.92918
5.92569
5.92219
5.9187
5.9152
5.91171
5.90822
5.90472
5.90123
5.89773
5.89424
5.89074
5.88725
5.88375
5.88046
5.87716
5.87387
5.87057
5.86728
5.86398
5.86069
5.85739
5.8541
5.8508
5.84751
5.84421
5.84091
5.83762
5.83432
5.83103
5.82773
5.82444
5.82114
5.81785
5.81455
5.81125
5.80796
5.80466
5.80137
5.79807
5.79478
5.79148
5.78819
5.78489
5.7816
5.7783
5.77501
5.77171
5.76841
5.76512
5.76182
5.75853
5.75523
5.75194
5.74864
5.74535
5.74205
5.73876
5.73546
5.73217
5.72887
5.72557
5.72228
5.71898
5.71569
5.71239
5.7091
5.7058
5.70251
5.69921
5.69592
5.69262
5.68933
5.68603
5.68273
5.67944
5.67614
5.67285
5.66955
5.66646
5.66337
5.66027
5.65718
5.65409
5.65099
5.6479
5.6448
5.64171
5.63862
5.63552
5.63243
5.62934
5.62624
5.62315
5.62006
5.61696
5.61387
5.61078
5.60768
5.60459
5.6015
5.5984
5.59531
5.59222
5.58912
5.58603
5.58294
5.57984
5.57675
5.57365
5.57056
5.56747
5.56437
5.56128
5.55819
5.55509
5.552
5.54891
5.54581
5.54272
5.53963
5.53653
5.53344
5.53035
5.52725
5.52416
5.52107
5.51797
5.51488
5.51179
5.50869
5.5056
5.5025
5.49941
5.49632
5.49322
5.49013
5.48704
5.48394
5.48085
5.47776
5.47466
5.47157
5.46848
5.46538
5.46252
5.45966
5.45679
5.45393
5.45106
5.4482
5.44534
5.44247
5.43961
5.43675
5.43388
5.43102
5.42816
5.42529
5.42243
5.41956
5.4167
5.41384
5.41097
5.40811
5.40525
5.40238
5.39952
5.39665
5.39379
5.39093
5.38806
5.3852
5.38234
5.37947
5.37661
5.37375
5.37088
5.36802
5.36515
5.36229
5.35943
5.35656
5.3537
5.35084
5.34797
5.34511
5.34225
5.33938
5.33652
5.33365
5.33079
5.32793
5.32506
5.3222
5.31934
5.31647
5.31361
5.31075
5.30788
5.30502
5.30215
5.29929
5.29643
5.29356
5.2907
5.28784
5.28497
5.28211
5.27925
5.27638
5.27352
5.27065
5.26796
5.26527
5.26257
5.25988
5.25718
5.25449
5.2518
5.2491
5.24641
5.24372
5.24102
5.23833
5.23563
5.23294
5.23025
5.22755
5.22486
5.22216
5.21947
5.21678
5.21408
5.21139
5.20869
5.206
5.20331
5.20061
5.19792
5.19523
5.19253
5.18984
5.18714
5.18445
5.18176
5.17906
5.17637
5.17367
5.17098
5.16829
5.16559
5.1629
5.1602
5.15751
5.15482
5.15212
5.14943
5.14674
5.14404
5.14135
5.13865
5.13596
5.13327
5.13057
5.12788
5.12519
5.12249
5.1198
5.1171
5.11441
5.11172
5.10902
5.10633
5.10363
5.10094
5.09825
5.09555
5.09286
5.09016
5.08747
5.08478
5.08225
5.07972
5.07719
5.07466
5.07213
5.0696
5.06707
5.06455
5.06202
5.05949
5.05696
5.05443
5.0519
5.04937
5.04684
5.04431
5.04178
5.03926
5.03673
5.0342
5.03167
5.02914
5.02661
5.02408
5.02155
5.01902
5.0165
5.01397
5.01144
5.00891
5.00638
5.00385
5.00132
4.99879
4.99626
4.99373
4.99121
4.98868
4.98615
4.98362
4.98109
4.97856
4.97603
4.9735
4.97097
4.96845
4.96592
4.96339
4.96086
4.95833
4.9558
4.95327
4.95074
4.94821
4.94568
4.94316
4.94063
4.9381
4.93557
4.93304
4.93051
4.92798
4.92545
4.92292
4.9204
4.91787
4.91534
4.91281
4.91028
4.90775
4.90541
4.90306
4.90072
4.89838
4.89603
4.89369
4.89134
4.889
4.88666
4.88431
4.88197
4.87962
4.87728
4.87494
4.87259
4.87025
4.8679
4.86556
4.86322
4.86087
4.85853
4.85618
4.85384
4.8515
4.84915
4.84681
4.84446
4.84212
4.83978
4.83743
4.83509
4.83274
4.8304
4.82806
4.82571
4.82337
4.82102
4.81868
4.81634
4.81399
4.81165
4.8093
4.80696
4.80462
4.80227
4.79993
4.79759
4.79524
4.7929
4.79055
4.78821
4.78587
4.78352
4.78118
4.77883
4.77649
4.77415
4.7718
4.76946
4.76711
4.76477
4.76243
4.76008
4.75774
4.75539
4.75305
4.75071
4.74836
4.74602
4.74367
4.74133
4.73899
4.73679
4.73459
4.73239
4.73019
4.72799
4.72579
4.7236
4.7214
4.7192
4.717
4.7148
4.7126
4.7104
4.7082
4.70601
4.70381
4.70161
4.69941
4.69721
4.69501
4.69281
4.69062
4.68842
4.68622
4.68402
4.68182
4.67962
4.67742
4.67522
4.67303
4.67083
4.66863
4.66643
4.66423
4.66203
4.65983
4.65764
4.65544
4.65324
4.65104
4.64884
4.64664
4.64444
4.64224
4.64005
4.63785
4.63565
4.63345
4.63125
4.62905
4.62685
4.62465
4.62246
4.62026
4.61806
4.61586
4.61366
4.61146
4.60926
4.60707
4.60487
4.60267
4.60047
4.59827
4.59607
4.59387
4.59167
4.58948
4.58728
4.58508
4.58288
4.58068
4.57848
4.5764
4.57432
4.57224
4.57016
4.56808
4.566
4.56391
4.56183
4.55975
4.55767
4.55559
4.55351
4.55143
4.54935
4.54726
4.54518
4.5431
4.54102
4.53894
4.53686
4.53478
4.53269
4.53061
4.52853
4.52645
4.52437
4.52229
4.52021
4.51813
4.51604
4.51396
4.51188
4.5098
4.50772
4.50564
4.50356
4.50148
4.49939
4.49731
4.49523
4.49315
4.49107
4.48899
4.48691
4.48483
4.48274
4.48066
4.47858
4.4765
4.47442
4.47234
4.47026
4.46818
4.46609
4.46401
4.46193
4.45985
4.45777
4.45569
4.45361
4.45153
4.44944
4.44736
4.44528
4.4432
4.44112
4.43904
4.43696
4.43488
4.43279
4.43071
4.42863
4.42655
4.42447
4.42254
4.42062
4.41869
4.41677
4.41484
4.41292
4.41099
4.40907
4.40714
4.40521
4.40329
4.40136
4.39944
4.39751
4.39559
4.39366
4.39174
4.38981
4.38788
4.38596
4.38403
4.38211
4.38018
4.37826
4.37633
4.37441
4.37248
4.37055
4.36863
4.3667
4.36478
4.36285
4.36093
4.359
4.35708
4.35515
4.35322
4.3513
4.34937
4.34745
4.34552
4.3436
4.34167
4.33975
4.33782
4.3359
4.33397
4.33204
4.33012
4.32819
4.32627
4.32434
4.32242
4.32049
4.31856
4.31664
4.31471
4.31279
4.31086
4.30894
4.30701
4.30509
4.30316
4.30123
4.29931
4.29738
4.29546
4.29353
4.29161
4.28968
4.28776
4.28583
4.28391
4.28198
4.28005
4.27813
4.2763
4.27447
4.27264
4.27081
4.26897
4.26714
4.26531
4.26348
4.26165
4.25982
4.25799
4.25616
4.25433
4.2525
4.25067
4.24884
4.247
4.24517
4.24334
4.24151
4.23968
4.23785
4.23602
4.23419
4.23236
4.23053
4.2287
4.22687
4.22504
4.2232
4.22137
4.21954
4.21771
4.21588
4.21405
4.21222
4.21039
4.20856
4.20673
4.20497
4.20322
4.20146
4.19971
4.19795
4.1962
4.19444
4.19269
4.19093
4.18918
