1117.66
842.107
649.753
511.312
409.416
332.417
273.602
227.542
191.118
161.76
138.208
119.005
103.035
89.7709
78.764
69.3918
61.4506
54.6339
48.7974
43.7421
39.3486
35.5487
32.1855
29.2466
26.651
24.3495
22.3014
20.4849
18.8472
17.3941
16.0707
14.8932
13.8224
12.8517
11.969
11.1683
10.4343
9.76489
9.15664
8.59954
8.08235
7.61492
7.17832
6.77533
6.4035
6.06127
5.74044
5.4433
5.17101
4.91547
4.67659
4.45654
4.24947
4.05369
3.87278
3.70389
3.54515
3.3951
3.25289
3.12183
2.998
2.88043
2.76893
2.66635
2.56856
2.47495
2.38689
2.3043
2.22502
2.15019
2.07931
2.01227
1.94889
1.88853
1.83018
1.77586
1.72297
1.67263
1.62555
1.58001
1.53729
1.49552
1.45663
1.41895
1.38275
1.34822
1.31463
1.28371
1.25347
1.22475
1.19616
1.17057
1.14498
1.1196
1.09461
1.073
1.0514
1.03103
1.01066
0.991406
0.972274
0.954037
0.936024
0.919292
0.903109
0.887707
0.873088
0.858526
0.844197
0.829869
0.817455
0.805041
0.792755
0.780555
0.768854
0.758322
0.747789
0.7374
0.727047
0.717077
0.707682
0.698286
0.68973
0.681267
0.672932
0.664896
0.656861
0.649386
0.642152
0.634918
0.62805
0.621183
0.614507
0.608282
0.602057
0.596008
0.590136
0.584264
0.578721
0.573318
0.567915
0.562992
0.557919
0.552846
0.548223
0.543649
0.539075
0.534813
0.530586
0.526359
0.522355
0.518407
0.514459
0.510651
0.506902
0.503154
0.499654
0.49632
0.492986
0.489708
0.486562
0.483415
0.480268
0.477309
0.474349
0.47139
0.468648
0.465999
0.46335
0.460729
0.458221
0.455713
0.453206
0.450797
0.44843
0.446064
0.443743
0.441605
0.439466
0.437328
0.435257
0.433252
0.431247
0.429243
0.427318
0.425414
0.423509
0.421624
0.419909
0.418194
0.41648
0.414796
0.41318
0.411563
0.409947
0.40837
0.406887
0.405403
0.40392
0.402465
0.401078
0.399691
0.398304
0.396936
0.395641
0.394346
0.39305
0.391755
0.390549
0.389342
0.388135
0.386928
0.385767
0.384617
0.383467
0.382317
0.381222
0.380183
0.379143
0.378104
0.377069
0.37608
0.375091
0.374102
0.373113
0.372186
0.371299
0.370412
0.369525
0.368638
0.36777
0.366902
0.366034
0.365166
0.364327
0.363554
0.362782
0.362009
0.361236
0.360464
0.359691
0.358918
0.358146
0.357373
0.356657
0.355965
0.355272
0.35458
0.353888
0.35323
0.352587
0.351944
0.351302
0.350659
0.350033
0.349415
0.348797
0.348179
0.347561
0.346967
0.346396
0.345825
0.345255
0.344684
0.34412
0.343571
0.343021
0.342472
0.341922
0.341373
0.340865
0.340361
0.339857
0.339354
0.33885
0.338355
0.33787
0.337384
0.336899
0.336413
0.335927
0.335488
0.335054
0.334621
0.334187
0.333753
0.333318
0.332876
0.332435
0.331993
0.331552
0.33114
0.330735
0.330337
0.329939
0.32954
0.329142
0.328744
0.32835
0.327959
0.327567
0.327176
0.326784
0.326393
0.326033
0.325694
0.325355
0.325016
0.324677
0.324338
0.323999
0.32366
0.323321
0.322982
0.322643
0.322304
0.321967
0.321639
0.321311
0.320982
0.320654
0.320326
0.319997
0.319688
0.319384
0.319079
0.318775
0.318471
0.318167
0.317869
0.317588
0.317307
0.317026
0.316745
0.316464
0.316184
0.315908
0.315636
0.315363
0.31509
0.314818
0.314545
0.314272
0.314016
0.313761
0.313507
0.313252
0.312998
0.312743
0.31249
0.312246
0.312002
0.311759
0.311515
0.311271
0.311027
0.310784
0.31054
0.310296
0.310052
0.309808
0.309565
0.309321
0.309077
0.308855
0.308635
0.308414
0.308194
0.307974
0.307754
0.307534
0.307317
0.307103
0.306889
0.306674
0.30646
0.306246
0.306032
0.305817
0.305603
0.305389
0.305174
0.30496
0.304746
0.304532
0.304317
0.304119
0.303931
0.303742
0.303554
0.303366
0.303173
0.30298
0.302787
0.302598
0.30241
0.302222
0.302035
0.301847
0.301659
0.301471
0.301283
0.301098
0.300912
0.300727
0.300542
0.300356
0.300171
0.299985
0.2998
0.299618
0.299438
0.299257
0.299076
0.298895
0.298714
0.298533
0.298352
0.298183
0.298019
0.297855
0.297692
0.297528
0.297364
0.2972
0.297036
0.296875
0.296717
0.296558
0.2964
0.296242
0.296084
0.295926
0.295768
0.29561
0.295452
0.295294
0.295135
0.294977
0.294819
0.294661
0.294503
0.294345
0.294188
0.294035
0.293882
0.293729
0.293577
0.293424
0.293271
0.293118
0.292965
0.292813
0.292662
0.292511
0.29236
0.292209
0.292058
0.291907
0.291755
0.291604
0.291458
0.291324
0.29119
0.291055
0.290921
0.290786
0.290652
0.290518
0.290383
0.290248
0.290103
0.289959
0.289814
0.289669
0.289525
0.28938
0.289235
0.289091
0.288946
0.288812
0.288684
0.288555
0.288426
0.288297
0.288169
0.28804
0.287911
0.287782
0.287655
0.287543
0.287413
0.287284
0.287155
0.287025
0.286896
0.286767
0.286637
0.286508
0.286381
0.286257
0.286133
0.28601
0.285886
0.285763
0.285639
0.285515
0.285392
0.285268
0.285145
0.285023
0.2849
0.284778
0.284655
0.284533
0.284411
0.284288
0.284166
0.284043
0.283922
0.283803
0.283684
0.283565
0.283447
0.283328
0.283209
0.28309
0.282971
0.282852
0.282733
0.282616
0.282498
0.28238
0.282262
0.282145
0.282027
0.281909
0.281791
0.281674
0.281556
0.281444
0.28134
0.281236
0.281132
0.281028
0.280924
0.28082
0.280716
0.280612
0.280508
0.280404
0.280294
0.280182
0.280069
0.279957
0.279845
0.279732
0.27962
0.279507
0.279395
0.279283
0.27917
0.279067
0.278968
0.278868
0.278769
0.27867
0.27857
0.278471
0.278372
0.278272
0.278173
0.278074
0.27797
0.277861
0.277753
0.277644
0.277536
0.277428
0.277319
0.277211
0.277102
0.276994
0.276885
0.276778
0.276676
0.276575
0.276474
0.276372
0.276271
0.27617
0.27608
0.27599
0.2759
0.27581
0.27572
0.275623
0.275518
0.275413
0.275308
0.275204
0.275099
0.274994
0.274889
0.274785
0.27468
0.274575
0.27447
0.274375
0.274283
0.274191
0.274099
0.274007
0.273915
0.273823
0.273731
0.273639
0.273547
0.273455
0.273363
0.273272
0.273182
0.273091
0.273001
0.27291
0.27282
0.272729
0.272639
0.272548
0.272458
0.272368
0.272277
0.272184
0.272085
0.271986
0.271887
0.271788
0.27169
0.271591
0.271492
0.271393
0.271294
0.271195
0.271096
0.270997
0.270908
0.270821
0.270734
0.270647
0.27056
0.270473
0.270386
0.2703
0.270213
0.270126
0.270039
0.269952
0.269865
0.26978
0.269695
0.26961
0.269525
0.26944
0.269355
0.26927
0.269185
0.269101
0.269016
0.268931
0.268846
0.268761
0.268677
0.268593
0.26851
0.268426
0.268342
0.268259
0.268175
0.268091
0.268008
0.267924
0.267841
0.267757
0.267673
0.267585
0.267493
0.267402
0.26731
0.267219
0.267127
0.267035
0.266944
0.266852
0.266761
0.266669
0.266578
0.266486
0.266396
0.266315
0.266234
0.266154
0.266073
0.265992
0.265912
0.265831
0.26575
0.26567
0.265589
0.265509
0.265428
0.265347
0.265267
0.265188
0.265109
0.265031
0.264952
0.264873
0.264794
0.264715
0.264636
0.264557
0.264478
0.264399
0.26432
0.264241
0.264163
0.264086
0.264008
0.263931
0.263854
0.263777
0.263699
0.263622
0.263545
0.263468
0.26339
0.263313
0.263236
0.263159
0.263081
0.262998
0.262913
0.262829
0.262744
0.262659
0.262575
0.26249
0.262405
0.262321
0.262236
0.262151
0.262067
0.261982
0.261897
0.261815
0.261741
0.261666
0.261592
0.261518
0.261444
0.26137
0.261295
0.261221
0.261147
0.261073
0.260999
0.260925
0.26085
0.260776
0.260702
0.260629
0.260556
0.260483
0.26041
0.260336
0.260263
0.26019
0.260117
0.260044
0.25997
0.259897
0.259824
0.259751
0.259678
0.259604
0.259522
0.25944
0.259357
0.259275
0.259192
0.25911
0.259032
0.258954
0.258876
0.258798
0.25872
0.258641
0.258563
0.258485
0.258407
0.258333
0.258263
0.258193
0.258123
0.258053
0.257983
0.257913
0.257843
0.257773
0.257703
0.257633
0.257563
0.257493
0.257424
0.257354
0.257284
0.257214
0.257145
0.257076
0.257007
0.256938
0.256869
0.256799
0.25673
0.256661
0.256592
0.256523
0.256454
0.256385
0.256316
0.256247
0.256178
0.256106
0.256031
0.255956
0.255881
0.255806
0.255731
0.255656
0.255581
0.255506
0.255431
0.255356
0.255281
0.255206
0.255132
0.255057
0.254982
0.254907
0.25484
0.254774
0.254707
0.25464
0.254574
0.254507
0.25444
0.254374
0.254307
0.254241
0.254174
0.254107
0.254041
0.253974
0.253907
0.253841
0.253772
0.2537
0.253628
0.253556
0.253483
0.253411
0.253339
0.253266
0.253194
0.253122
0.25305
0.252977
0.252905
0.252833
0.25276
0.252688
0.252616
0.252545
0.252482
0.252418
0.252355
0.252291
0.252227
0.252164
0.2521
0.252037
0.251973
0.251909
0.251846
0.251782
0.251719
0.251655
0.251592
0.251528
0.251464
0.251397
0.251327
0.251258
0.251188
0.251119
0.25105
0.25098
0.250911
0.250841
0.250772
0.250702
0.250633
0.250563
0.250494
0.250424
0.250355
0.250286
0.250216
0.250154
0.250092
0.250031
0.249969
0.249908
0.249846
0.249785
0.249724
0.249662
0.249601
0.249539
0.249478
0.249416
0.249355
0.249293
0.249232
0.24917
0.249109
0.249043
0.248976
0.248909
0.248843
0.248776
0.248709
0.248642
0.248575
0.248509
0.248442
0.248375
0.248308
0.248241
0.248174
0.248108
0.248041
0.247974
0.247907
0.247843
0.247783
0.247724
0.247665
0.247606
0.247547
0.247488
0.247428
0.247369
0.24731
0.247251
0.247192
0.247132
0.247073
0.247014
0.246955
0.246896
0.246837
0.246777
0.246716
0.246652
0.246589
0.246525
0.246462
0.246398
0.246335
0.246271
0.246207
0.246144
0.24608
0.246017
0.245953
0.245889
0.245826
0.245762
0.245699
0.245635
0.245573
0.245512
0.245453
0.245394
0.245336
0.245277
0.245219
0.24516
0.245102
0.245043
0.244985
0.244926
0.244867
0.244809
0.24475
0.244692
0.244633
0.244575
0.244516
0.244458
0.244399
0.244337
0.244275
0.244214
0.244152
0.24409
0.244028
0.243966
0.243904
0.243843
0.243781
0.243719
0.243657
0.243595
0.243534
0.243472
0.24341
0.243348
0.243286
0.243225
0.243163
0.243104
0.243045
0.242986
0.242927
0.242868
0.24281
0.242751
0.242692
0.242633
0.242574
0.242515
0.242456
0.242397
0.242339
0.24228
0.242221
0.242162
0.242103
0.242044
0.241985
0.241927
0.241871
0.241815
0.24176
0.241704
0.241648
0.241593
0.241537
0.241482
0.241426
0.24137
0.241315
0.241259
0.241203
0.241148
0.241092
0.241036
0.240981
0.240925
0.24087
0.240814
0.240758
0.240702
0.240645
0.240589
0.240533
0.240477
0.240421
0.240364
0.240308
0.240252
0.240196
0.24014
0.240083
0.240027
0.239971
0.239915
0.239859
0.239803
0.239746
0.23969
0.239634
0.239578
0.239519
0.23946
0.239401
0.239342
0.239283
0.239225
0.239166
0.239107
0.239048
0.238989
0.23893
0.238871
0.238812
0.238754
0.238695
0.238636
0.238577
0.238518
0.238459
0.2384
0.238342
0.238285
0.238229
0.238173
0.238117
0.238061
0.238004
0.237948
0.237892
0.237836
0.23778
0.237723
0.237667
0.237611
0.237555
0.237499
0.237442
0.237386
0.23733
0.237274
0.237218
0.237162
0.237105
0.237057
0.237009
0.23696
0.236912
0.236863
0.236815
0.236767
0.236718
0.23667
0.236622
0.236573
0.236525
0.236476
0.236428
0.23638
0.236331
0.236283
0.236235
0.236186
0.236138
0.236089
0.236041
0.235993
0.235937
0.23588
0.235824
0.235768
0.235712
0.235656
0.235599
0.235543
0.235487
0.235431
0.235375
0.235318
0.235262
0.235206
0.23515
0.235094
0.235037
0.234981
0.234925
0.234869
0.234813
0.234757
0.234705
0.234654
0.234602
0.234551
0.234499
0.234447
0.234396
0.234344
0.234293
0.234241
0.23419
0.234138
0.234087
0.234035
0.233984
0.233932
0.233881
0.233829
0.233778
0.233726
0.233675
0.233623
0.233572
0.23352
0.233469
0.233417
0.233366
0.233314
0.233263
0.233211
0.23316
0.233108
0.233057
0.233005
0.232954
0.232902
0.232851
0.232799
0.232748
0.232696
0.232645
0.232593
0.232542
0.23249
0.232439
0.232387
0.232336
0.232284
0.232233
0.232181
0.23213
0.232078
0.232027
0.231975
0.231924
0.231872
0.231821
0.231769
0.231718
0.231666
0.231615
0.231563
0.231511
0.23146
0.231408
0.231357
0.231305
0.231254
0.231202
0.231151
0.231099
0.231048
0.230996
0.230945
0.230893
0.230842
0.23079
0.230739
0.230687
0.230636
0.230584
0.230533
0.230481
0.23043
0.230378
0.230327
0.230275
0.230224
0.230172
0.230121
0.230069
0.230018
0.229966
0.229915
0.229863
0.229812
0.229764
0.229717
0.229669
0.229621
0.229574
0.229526
0.229479
0.229431
0.229384
0.229336
0.229289
0.229241
0.229194
0.229146
0.229098
0.229051
0.229003
0.228956
0.228908
0.228861
0.228813
0.228766
0.228718
0.228671
0.228623
0.228575
0.228531
0.228486
0.228442
0.228397
0.228353
0.228308
0.228264
0.228219
0.228175
0.22813
0.228086
0.228041
0.227997
0.227952
0.227908
0.227863
0.227819
0.227774
0.22773
0.227685
0.227641
0.227596
0.227552
0.227507
0.227463
0.227417
0.227371
0.227326
0.22728
0.227234
0.227188
0.227142
0.227097
0.227051
0.227005
0.226959
0.226913
0.226868
0.226822
0.226776
0.22673
0.226685
0.226639
0.226593
0.226547
0.226501
0.226456
0.22641
0.226364
0.226318
0.226272
0.226227
0.226179
0.226132
0.226084
0.226036
0.225989
0.225941
0.225894
0.225846
0.225799
0.225751
0.225704
0.225656
0.225609
0.225561
0.225513
0.225466
0.225418
0.225371
0.225323
0.225276
0.225228
0.225181
0.225133
0.225086
0.225038
0.22499
0.224945
0.224899
0.224853
0.224807
0.224762
0.224716
0.22467
0.224624
0.224578
0.224533
0.224487
0.224441
0.224395
0.224349
0.224304
0.224258
0.224212
0.224166
0.224121
0.224075
0.224029
0.223983
0.223937
0.223892
0.223846
0.2238
0.223754
0.22371
0.223666
0.223622
0.223578
0.223533
0.223489
0.223445
0.223401
0.223357
0.223313
0.223269
0.223224
0.22318
0.223136
0.223092
0.223048
0.223004
0.22296
0.222915
0.222871
0.222827
0.222783
0.222739
0.222695
0.22265
0.222606
0.222562
0.222518
0.222474
0.22243
0.222386
0.222341
0.222297
0.222253
0.222209
0.222165
0.222121
0.222077
0.222032
0.221988
0.221944
0.2219
0.221856
0.221812
0.221767
0.221723
0.221679
0.221635
0.221591
0.221547
0.221503
0.221458
0.221414
0.22137
0.221326
0.221282
0.221237
0.221193
0.221148
0.221104
0.221059
0.221015
0.22097
0.220926
0.220881
0.220837
0.220792
0.220748
0.220703
0.220659
0.220614
0.22057
0.220525
0.220481
0.220436
0.220392
0.220347
0.220303
0.220258
0.220214
0.220169
0.220107
0.220046
0.219984
0.219922
0.219881
0.21984
0.219798
0.219757
0.219716
0.219675
0.219634
0.219592
0.219551
0.21951
0.219469
0.219428
0.219386
0.219345
0.219304
0.219263
0.219221
0.21918
0.219139
0.219098
0.219057
0.219015
0.218974
0.218933
0.218892
0.218851
0.218809
0.218768
0.218727
0.218686
0.218645
0.218603
0.218562
0.218521
0.21848
0.218439
0.218397
0.218356
0.218315
0.218274
0.218232
0.218191
0.21815
0.218109
0.218068
0.218026
0.217985
0.217944
0.217903
0.217862
0.21782
0.217779
0.217738
0.217697
0.217656
0.217614
0.217573
0.217532
0.217491
0.21745
0.217408
0.217367
0.217326
0.217285
0.217244
0.217202
0.217161
0.21712
0.217079
0.217037
0.216996
0.216955
0.216914
0.216873
0.216831
0.21679
0.216749
0.216708
0.216667
0.216625
0.216584
0.216543
0.216502
0.216461
0.216419
0.216378
0.216337
0.216296
0.216255
0.216213
0.216173
0.216134
0.216094
0.216054
0.216014
0.215974
0.215934
0.215894
0.215854
0.215815
0.215775
0.215735
0.215695
0.215655
0.215615
0.215575
0.215535
0.215496
0.215456
0.215416
0.215376
0.215336
0.215296
0.215256
0.215216
0.215177
0.215137
0.215097
0.215057
0.215017
0.214977
0.214939
0.2149
0.214861
0.214823
0.214784
0.214745
0.214707
0.214668
0.214629
0.214591
0.214552
0.214514
0.214475
0.214436
0.214398
0.214359
0.21432
0.214282
0.214243
0.214205
0.214166
0.214127
0.214089
0.21405
0.214011
0.213973
0.213934
0.213895
0.213857
0.213818
0.21378
0.213741
0.213703
0.213666
0.213629
0.213591
0.213554
0.213516
0.213479
0.213441
0.213404
0.213366
0.213329
0.213291
0.213254
0.213216
0.213179
0.213142
0.213104
0.213067
0.213029
0.212992
0.212954
0.212917
0.212879
0.212842
0.212804
0.212767
0.212729
0.212692
0.212655
0.212617
0.21258
0.212542
0.212505
0.212467
0.21243
0.212392
0.212355
0.212317
0.21228
0.212242
0.212205
0.212168
0.21213
0.212093
0.212055
0.212018
0.21198
0.211943
0.211905
0.211868
0.21183
0.211793
0.211756
0.211718
0.211681
0.211643
0.211606
0.211568
0.211531
0.211493
0.211456
0.211418
0.211381
0.211343
0.211306
0.211269
0.211231
0.211194
0.211156
0.211119
0.211081
0.211044
0.211006
0.210969
0.210931
0.210894
0.210856
0.210819
0.210782
0.210744
0.210707
0.210669
0.210632
0.210594
0.210557
0.210519
0.210482
0.210444
0.210407
0.210369
0.210332
0.210295
0.210257
0.21022
0.210182
0.210145
0.210107
0.21007
0.210032
0.209993
0.209955
0.209916
0.209877
0.209838
0.209799
0.20976
0.209721
0.209683
0.209644
0.209605
0.209566
0.209527
0.209488
0.20945
0.209411
0.209372
0.209333
0.209294
0.209255
0.209216
0.209178
0.209139
0.2091
0.209061
0.209022
0.208983
0.208944
0.208906
0.208867
0.208828
0.208789
0.20875
0.208711
0.208672
0.208637
0.208602
0.208567
0.208531
0.208496
0.208461
0.208425
0.20839
0.208355
0.208319
0.208284
0.208249
0.208213
0.208178
0.208143
0.208107
0.208072
0.208037
0.208001
0.207966
0.207931
0.207895
0.20786
0.207825
0.207789
0.207754
0.207719
0.207684
0.207648
0.207613
0.207578
0.207542
0.207507
0.207472
0.207436
0.207401
0.207366
0.20733
0.207295
0.20726
0.207224
0.207189
0.207154
0.207118
0.207083
0.207048
0.207012
0.206977
0.206942
0.206906
0.206871
0.206836
0.206801
0.206765
0.20673
0.206695
0.206659
0.206624
0.206589
0.206553
0.206518
0.206483
0.206447
0.206412
0.206377
0.206341
0.206306
0.206271
0.206235
0.2062
0.206167
0.206133
0.2061
0.206066
0.206033
0.206
0.205966
0.205933
0.205899
0.205866
0.205833
0.205799
0.205766
0.205732
0.205699
0.205665
0.205632
0.205599
0.205565
0.205532
0.205498
0.205465
0.205432
0.205398
0.205365
0.205331
0.205298
0.205265
0.205231
0.205198
0.205164
0.205131
0.205097
0.205064
0.205031
0.204997
0.204964
0.20493
0.204897
0.204864
0.20483
0.204797
0.204763
0.20473
0.204697
0.204663
0.20463
0.204596
0.204563
0.20453
0.204496
0.204463
0.204429
0.204396
0.204362
0.204329
0.204296
0.204262
0.204229
0.204195
0.204162
0.204129
0.204095
0.204062
0.204028
0.203995
0.203962
0.203928
0.203895
0.203861
0.203828
0.203794
0.203761
0.203728
0.203692
0.203656
0.20362
0.203584
0.203549
0.203513
0.203477
0.203441
0.203406
0.20337
0.203334
0.203298
0.203262
0.203227
0.203191
0.203155
0.203119
0.203084
0.203048
0.203012
0.202976
0.20294
0.202905
0.202869
0.202833
0.202797
0.202761
0.202726
0.20269
0.202654
0.202618
0.202583
0.202547
0.202511
0.202475
0.202439
0.202404
0.202368
0.202336
0.202304
0.202272
0.20224
0.202208
0.202175
0.202143
0.202111
0.202079
0.202047
0.202015
0.201983
0.201951
0.201919
0.201887
0.201855
0.201823
0.201791
0.201759
0.201727
0.201695
0.201663
0.201631
0.201599
0.201567
0.201534
0.201502
0.201469
0.201435
0.201401
0.201368
0.201334
0.2013
0.201266
0.201233
0.201199
0.201165
0.201132
0.201101
0.20107
0.201039
0.201008
0.200977
0.200946
0.200915
0.200884
0.200853
0.200823
0.200792
0.200761
0.20073
0.200699
0.200668
0.200637
0.200606
0.200575
0.200544
0.200513
0.200483
0.200452
0.200421
0.20039
0.200359
0.200328
0.200297
0.200266
0.200235
0.200204
0.200174
0.200143
0.200112
0.200081
0.20005
0.200019
0.199988
0.199957
0.199926
0.199895
0.199864
0.199834
0.199803
0.199772
0.199741
0.19971
0.199679
0.199648
0.199617
0.199586
0.199555
0.199525
0.199494
0.199463
0.199432
0.199401
0.19937
0.199339
0.199308
0.199277
0.199246
0.199215
0.199185
0.199154
0.199123
0.199092
0.199061
0.19903
0.198999
0.198968
0.198937
0.198906
0.198876
0.198845
0.198814
0.198783
0.198752
0.198721
0.19869
0.198659
0.198629
0.198599
0.198569
0.198539
0.198508
0.198478
0.198448
0.198418
0.198388
0.198358
0.198327
0.198297
0.198267
0.198237
0.198207
0.198177
0.198147
0.198116
0.198086
0.198056
0.198026
0.197996
0.197966
0.197936
0.197905
0.197875
0.197845
0.197815
0.197785
0.197755
0.197724
0.197694
0.197664
0.197634
0.197604
0.197574
0.197544
0.197513
0.197483
0.197453
0.197423
0.19739
0.197357
0.197323
0.19729
0.197257
0.197224
0.197191
0.197158
0.197124
0.197091
0.197058
0.197025
0.196992
0.196959
0.196925
0.196892
0.196859
0.196826
0.196793
0.19676
0.196726
0.196693
0.19666
0.196627
0.196594
0.196561
0.196527
0.196494
0.196461
0.196428
0.196395
0.196362
0.196328
0.196295
0.196262
0.196229
0.196196
0.196163
0.196129
0.196096
0.196063
0.196034
0.196006
0.195977
0.195948
0.195919
0.195891
0.195862
0.195833
0.195804
0.195776
0.195747
0.195718
0.195689
0.195661
0.195632
0.195603
0.195574
0.195546
0.195517
0.195488
0.195459
0.195431
0.195402
0.195373
0.195344
0.195316
0.195287
0.195258
0.195229
0.195201
0.195172
0.195143
0.195114
0.195086
0.195057
0.195028
0.194999
0.194971
0.194942
0.194913
0.194884
0.194856
0.194827
0.194798
0.194769
0.194741
0.194712
0.194683
0.194654
0.194626
0.194597
0.194568
0.194539
0.194511
0.194482
0.194453
0.194424
0.194396
0.194367
0.194338
0.194309
0.194281
0.194252
0.194223
0.194194
0.194166
0.194137
0.194108
0.194079
0.194051
0.194022
0.193993
0.193964
0.193936
0.193907
0.193878
0.193849
0.193821
0.193792
0.193763
0.193734
0.193706
0.193677
0.193648
0.193619
0.193591
0.193563
0.193535
0.193506
0.193478
0.19345
0.193422
0.193394
0.193366
0.193338
0.19331
0.193282
0.193254
0.193225
0.193197
0.193169
0.193141
0.193113
0.193085
0.193057
0.193029
0.193001
0.192973
0.192944
0.192916
0.192888
0.19286
0.192832
0.192804
0.192776
0.192748
0.19272
0.192692
0.192664
0.192635
0.192607
0.192579
0.192551
0.192523
0.192495
0.192467
0.192439
0.192411
0.192383
0.192354
0.192324
0.192294
0.192264
0.192234
0.192203
0.192173
0.192143
0.192113
0.192083
0.192052
0.192022
0.191992
0.191962
0.191931
0.191901
0.191871
0.191841
0.191811
0.19178
0.19175
0.19172
0.19169
0.191659
0.191629
0.191599
0.191569
0.191539
0.191508
0.191478
0.191448
0.191418
0.191387
0.191357
0.191327
0.191297
0.191267
0.191236
0.191206
0.191176
0.191146
0.191116
0.191085
0.191055
0.191025
0.190995
0.190968
0.190941
0.190914
0.190887
0.19086
0.190833
0.190807
0.19078
0.190753
0.190726
0.190699
0.190672
0.190645
0.190618
0.190592
0.190565
0.190538
0.190511
0.190484
0.190457
0.19043
0.190403
0.190377
0.19035
0.190323
0.190296
0.190269
0.190242
0.190215
0.190188
0.190162
0.190135
0.190108
0.190081
0.190054
0.190027
0.19
0.189973
0.189947
0.18992
0.189893
0.189866
0.189839
0.189812
0.189785
0.189758
0.189732
0.189706
0.18968
0.189653
0.189627
0.189601
0.189574
0.189548
0.189522
0.189495
0.189469
0.189443
0.189417
0.18939
0.189364
0.189338
0.189311
0.189285
0.189259
0.189232
0.189206
0.18918
0.189153
0.189127
0.189101
0.189075
0.189048
0.189022
0.188996
0.188969
0.188943
0.188917
0.18889
0.188864
0.188838
0.188812
0.188785
0.188759
0.188733
0.188706
0.18868
0.188654
0.188627
0.188601
0.188575
0.188549
0.188522
0.188496
0.188471
0.188445
0.188419
0.188393
0.188368
0.188342
0.188316
0.18829
0.188265
0.188239
0.188213
0.188187
0.188162
0.188136
0.18811
0.188084
0.188059
0.188033
0.188007
0.187981
0.187956
0.18793
0.187904
0.187878
0.187853
0.187827
0.187801
0.187775
0.18775
0.187724
0.187698
0.187672
0.187647
0.187621
0.187595
0.187569
0.187544
0.187518
0.187492
0.187466
0.187441
0.187415
0.187389
0.187363
0.187338
0.187312
0.187286
0.187258
0.187229
0.187201
0.187173
0.187144
0.187116
0.187088
0.187059
0.187031
0.187003
0.186974
0.186946
0.186918
0.186889
0.186861
0.186833
0.186804
0.186776
0.186748
0.186719
0.186691
0.186663
0.186634
0.186606
0.186578
0.186549
0.186521
0.186493
0.186464
0.186436
0.186408
0.186379
0.186351
0.186323
0.186294
0.186266
0.186238
0.186209
0.186181
0.186153
0.186124
0.186096
0.186068
0.18604
0.186011
0.185983
0.185955
0.185926
0.185901
0.185877
0.185852
0.185827
0.185803
0.185778
0.185753
0.185728
0.185704
0.185679
0.185654
0.18563
0.185605
0.18558
0.185555
0.185531
0.185506
0.185481
0.185456
0.185432
0.185407
0.185382
0.185358
0.185333
0.185308
0.185283
0.185259
0.185234
0.185209
0.185184
0.18516
0.185135
0.18511
0.185086
0.185061
0.185036
0.185011
0.184987
0.184962
0.184937
0.184912
0.184888
0.184863
0.184838
0.184814
0.184789
0.184764
0.184739
0.184715
0.18469
0.184666
0.184641
0.184617
0.184593
0.184569
0.184545
0.18452
0.184496
0.184472
0.184448
0.184423
0.184399
0.184375
0.184351
0.184326
0.184302
0.184278
0.184254
0.184229
0.184205
0.184181
0.184157
0.184132
0.184108
0.184084
0.18406
0.184036
0.184011
0.183987
0.183963
0.183939
0.183914
0.18389
0.183866
0.183842
0.183817
0.183793
0.183769
0.183745
0.18372
0.183696
0.183672
0.183648
0.183623
0.183599
0.183575
0.183551
0.183526
0.183502
0.183478
0.183454
0.18343
0.183405
0.183381
0.183357
0.183333
0.183308
0.183284
0.18326
0.183236
0.183211
0.183187
0.183163
0.183139
0.183114
0.18309
0.183066
0.183042
0.183017
0.182993
0.182969
0.182945
0.182921
0.182896
0.182872
0.182848
0.182824
0.182799
0.182775
0.182751
0.182727
0.182702
0.182678
0.182654
0.18263
0.182605
0.182581
0.182557
0.182533
0.182508
0.182484
0.18246
0.182436
0.182411
0.182387
0.182363
0.182339
0.182315
0.18229
0.182266
0.182242
0.182218
0.182194
0.182171
0.182148
0.182124
0.182101
0.182078
0.182054
0.182031
0.182008
0.181984
0.181961
0.181938
0.181914
0.181891
0.181868
0.181844
0.181821
0.181798
0.181774
0.181751
0.181728
0.181704
0.181681
0.181658
0.181634
0.181611
0.181588
0.181564
0.181541
0.181518
0.181494
0.181471
0.181448
0.181424
0.181401
0.181378
0.181355
0.181331
0.181308
0.181285
0.181261
0.181238
0.181215
0.181191
0.181168
0.181145
0.181121
0.181098
0.181075
0.181051
0.181028
0.181005
0.180981
0.180956
0.18093
0.180904
0.180879
0.180853
0.180827
0.180802
0.180776
0.18075
0.180725
0.180699
0.180673
0.180648
0.180622
0.180596
0.180571
0.180545
0.18052
0.180494
0.180468
0.180443
0.180417
0.180391
0.180366
0.18034
0.180314
0.180289
0.180263
0.180237
0.180212
0.180186
0.18016
0.180135
0.180109
0.180083
0.180058
0.180032
0.180006
0.179981
0.179955
0.179929
0.179904
0.179878
0.179852
0.179827
0.179801
0.179775
0.17975
0.179724
0.179698
0.179673
0.179647
0.179622
0.179599
0.179577
0.179554
0.179532
0.179509
0.179487
0.179464
0.179442
0.179419
0.179397
0.179374
0.179352
0.179329
0.179307
0.179284
0.179262
0.179239
0.179217
0.179194
0.179172
0.179149
0.179127
0.179105
0.179082
0.17906
0.179037
0.179015
0.178992
0.17897
0.178947
0.178925
0.178902
0.17888
0.178857
0.178835
0.178812
0.17879
0.178767
0.178745
0.178722
0.1787
0.178677
0.178655
0.178633
0.17861
0.178588
0.178565
0.178543
0.17852
0.178498
0.178475
0.178453
0.17843
0.178408
0.178385
0.178363
0.178341
0.178319
0.178297
0.178275
0.178253
0.178231
0.178209
0.178187
0.178165
0.178142
0.17812
0.178098
0.178076
0.178054
0.178032
0.17801
0.177988
0.177966
0.177944
0.177922
0.1779
0.177878
0.177855
0.177833
0.177811
0.177789
0.177767
0.177745
0.177723
0.177701
0.177679
0.177657
0.177635
0.177613
0.177591
0.177569
0.177546
0.177524
0.177502
0.17748
0.177458
0.177436
0.177414
0.177392
0.17737
0.177348
0.177326
0.177304
0.177282
0.177259
0.177237
0.177215
0.177193
0.177171
0.177149
0.177127
0.177106
0.177084
0.177062
0.177041
0.177019
0.176997
0.176976
0.176954
0.176932
0.176911
0.176889
0.176867
0.176845
0.176824
0.176802
0.17678
0.176759
0.176737
0.176715
0.176694
0.176672
0.17665
0.176629
0.176607
0.176585
0.176564
0.176542
0.17652
0.176498
0.176477
0.176455
0.176433
0.176412
0.17639
0.176368
0.176347
0.176325
0.176303
0.176282
0.17626
0.176238
0.176217
0.176195
0.176173
0.176151
0.17613
0.176108
0.176086
0.176065
0.176043
0.176021
0.176
0.175978
0.175956
0.175935
0.175913
0.175889
0.175866
0.175843
0.175819
0.175796
0.175773
0.175749
0.175726
0.175702
0.175679
0.175656
0.175632
0.175609
0.175585
0.175562
0.175539
0.175515
0.175492
0.175469
0.175445
0.175422
0.175398
0.175375
0.175352
0.175328
0.175305
0.175281
0.175258
0.175235
0.175211
0.175188
0.175164
0.175141
0.175118
0.175094
0.175071
0.175048
0.17503
0.175012
0.174995
0.174977
0.174959
0.174942
0.174924
0.174906
0.174889
0.174871
0.174853
0.174836
0.174818
0.1748
0.174783
0.174765
0.174747
0.17473
0.174712
0.174694
0.174677
0.174654
0.174631
0.174608
0.174584
0.174561
0.174538
0.174515
0.174492
0.174469
0.174446
0.174423
0.1744
0.174377
0.174354
0.174331
0.174308
0.174285
0.174262
0.174239
0.174216
0.174193
0.17417
0.174147
0.174124
0.1741
0.174077
0.174054
0.174031
0.174008
0.173985
0.173962
0.173939
0.173916
0.173893
0.17387
0.173847
0.173824
0.173801
0.173778
0.173755
0.173732
0.173709
0.173686
0.173663
0.17364
0.173616
0.173593
0.17357
0.173547
0.173524
0.173501
0.173478
0.173455
0.173432
0.173409
0.173386
0.173363
0.17334
0.173317
0.173296
0.173276
0.173255
0.173234
0.173214
0.173193
0.173173
0.173152
0.173131
0.173111
0.17309
0.17307
0.173049
0.173028
0.173008
0.172987
0.172967
0.172946
0.172925
0.172905
0.172884
0.172864
0.172843
0.172822
0.172802
0.172781
0.172761
0.17274
0.172719
0.172699
0.172678
0.172658
0.172637
0.172616
0.172596
0.172575
0.172555
0.172534
0.172513
0.172493
0.172472
0.172451
0.172431
0.17241
0.17239
0.172369
0.172348
0.172328
0.172307
0.172287
0.172266
0.172245
0.172225
0.172204
0.172184
0.172163
0.172142
0.172122
0.172101
0.172081
0.17206
0.17204
0.17202
0.172
0.171979
0.171959
0.171939
0.171918
0.171898
0.171878
0.171858
0.171837
0.171817
0.171797
0.171777
0.171756
0.171736
0.171716
0.171696
0.171675
0.171655
0.171635
0.171614
0.171594
0.171574
0.171554
0.171533
0.171513
0.171493
0.171473
0.171452
0.171432
0.171412
0.171392
0.171371
0.171351
0.171331
0.171311
0.17129
0.17127
0.17125
0.171229
0.171209
0.171189
0.171169
0.171148
0.171128
0.171108
0.171088
0.171067
0.171047
0.171027
0.171007
0.170986
0.170966
0.170946
0.170925
0.170905
0.170885
0.170865
0.170844
0.170825
0.170805
0.170786
0.170766
0.170746
0.170727
0.170707
0.170687
0.170668
0.170648
0.170629
0.170609
0.170589
0.17057
0.17055
0.17053
0.170511
0.170491
0.170472
0.170452
0.170432
0.170413
0.170393
0.170373
0.170354
0.170334
0.170315
0.170295
0.170275
0.170256
0.170236
0.170216
0.170197
0.170177
0.170158
0.170138
0.170118
0.170099
0.170079
0.17006
0.17004
0.17002
0.170001
0.169981
0.169961
0.169942
0.169922
0.169903
0.169883
0.169863
0.169844
0.169824
0.169804
0.169785
0.169765
0.169746
0.169726
0.169706
0.169687
0.169667
0.169647
0.169628
0.169608
0.169589
0.16957
0.16955
0.169531
0.169512
0.169492
0.169473
0.169454
0.169434
0.169415
0.169396
0.169376
0.169357
0.169338
0.169318
0.169299
0.16928
0.169261
0.169241
0.169222
0.169203
0.169183
0.169164
0.169145
0.169125
0.169106
0.169087
0.169067
0.169048
0.169029
0.169009
0.16899
0.168971
0.168951
0.168932
0.168913
0.168894
0.168874
0.168855
0.168836
0.168816
0.168797
0.168778
0.168758
0.168739
0.16872
0.1687
0.168681
0.168662
0.168642
0.168623
0.168604
0.168584
0.168565
0.168546
0.168527
0.168507
0.168488
0.168469
0.168449
0.16843
0.168411
0.168391
0.168372
0.168353
0.168334
0.168315
0.168296
0.168277
0.168258
0.168239
0.16822
0.168201
0.168182
0.168163
0.168144
0.168125
0.168106
0.168087
0.168068
0.168049
0.16803
0.168011
0.167992
0.167973
0.167954
0.167935
0.167916
0.167897
0.167878
0.167858
0.167839
0.16782
0.167801
0.167782
0.167763
0.167744
0.167725
0.167706
0.167687
0.167668
0.167649
0.16763
0.167611
0.167592
0.167573
0.167554
0.167535
0.167516
0.167497
0.167478
0.167459
0.16744
0.167421
0.167402
0.167383
0.167364
0.167345
0.167326
0.167307
0.167288
0.167269
0.16725
0.167231
0.167212
0.167193
0.167174
0.167155
0.167136
0.167117
0.167098
0.16708
0.167061
0.167042
0.167023
0.167005
0.166986
0.166967
0.166948
0.16693
0.166911
0.166892
0.166874
0.166855
0.166836
0.166817
0.166799
0.16678
0.166761
0.166742
0.166724
0.166705
0.166686
0.166668
0.166649
0.16663
0.166611
0.166593
0.166574
0.166555
0.166536
0.166518
0.166499
0.16648
0.166461
0.166443
0.166424
0.166405
0.166387
0.166368
0.166349
0.16633
0.166312
0.166293
0.166274
0.166255
0.166237
0.166218
0.166199
0.166181
0.166162
0.166143
0.166124
0.166106
0.166087
0.166068
0.166049
0.166031
0.166012
0.165993
0.165974
0.165956
0.165937
0.165918
0.1659
0.165881
0.165863
0.165845
0.165827
0.165809
0.16579
0.165772
0.165754
0.165736
0.165718
0.1657
0.165681
0.165663
0.165645
0.165627
0.165609
0.165591
0.165572
0.165554
0.165536
0.165518
0.1655
0.165481
0.165463
0.165445
0.165427
0.165409
0.165391
0.165372
0.165354
0.165336
0.165318
0.1653
0.165281
0.165263
0.165245
0.165227
0.165209
0.165191
0.165172
0.165154
0.165136
0.165118
0.1651
0.165081
0.165063
0.165045
0.165027
0.165009
0.164991
0.164972
0.164954
0.164936
0.164918
0.1649
0.164881
0.164863
0.164845
0.164827
0.164809
0.164791
0.164772
0.164754
0.164736
0.164718
0.1647
0.164682
0.164663
0.164645
0.164628
0.16461
0.164592
0.164574
0.164556
0.164538
0.16452
0.164502
0.164484
0.164466
0.164448
0.16443
0.164413
0.164395
0.164377
0.164359
0.164341
0.164323
0.164305
0.164287
0.164269
0.164251
0.164233
0.164215
0.164198
0.16418
0.164162
0.164144
0.164126
0.164108
0.16409
0.164072
0.164054
0.164036
0.164018
0.164
0.163983
0.163965
0.163947
0.163929
0.163911
0.163893
0.163875
0.163857
0.163839
0.163821
0.163803
0.163785
0.163768
0.16375
0.163732
0.163714
0.163696
0.163678
0.16366
0.163642
0.163624
0.163606
0.163588
0.16357
0.163553
0.163535
0.163517
0.163499
0.163481
0.163463
0.163445
0.163427
0.163409
0.163392
0.163374
0.163356
0.163339
0.163321
0.163304
0.163286
0.163268
0.163251
0.163233
0.163215
0.163198
0.16318
0.163162
0.163145
0.163127
0.163109
0.163092
0.163074
0.163056
0.163039
0.163021
0.163003
0.162986
0.162968
0.16295
0.162933
0.162915
0.162897
0.16288
0.162862
0.162844
0.162827
0.162809
0.162791
0.162774
0.162756
0.162738
0.162721
0.162703
0.162685
0.162668
0.16265
0.162632
0.162615
0.162597
0.162579
0.162562
0.162544
0.162526
0.162509
0.162491
0.162473
0.162456
0.162438
0.162421
0.162403
0.162385
0.162368
0.16235
0.162332
0.162315
0.162297
0.162279
0.162262
0.162244
0.162226
0.162209
0.162191
0.162174
0.162157
0.162139
0.162122
0.162105
0.162088
0.162071
0.162054
0.162036
0.162019
0.162002
0.161985
0.161968
0.161951
0.161933
0.161916
0.161899
0.161882
0.161865
0.161848
0.16183
0.161813
0.161796
0.161779
0.161762
0.161745
0.161727
0.16171
0.161693
0.161676
0.161659
0.161642
0.161624
0.161607
0.16159
0.161573
0.161556
0.161538
0.161521
0.161504
0.161487
0.16147
0.161453
0.161435
0.161418
0.161401
0.161384
0.161367
0.16135
0.161332
0.161315
0.161298
0.161281
0.161264
0.161247
0.161229
0.161212
0.161195
0.161178
0.161161
0.161144
0.161126
0.161109
0.161092
0.161075
0.161058
0.161041
0.161023
0.161006
0.160989
0.160972
0.160955
0.160938
0.160921
0.160904
0.160887
0.16087
0.160853
0.160836
0.160819
0.160802
0.160785
0.160768
0.160752
0.160735
0.160718
0.160701
0.160684
0.160667
0.16065
0.160633
0.160616
0.160599
0.160582
0.160565
0.160548
0.160531
0.160514
0.160497
0.160481
0.160464
0.160447
0.16043
0.160413
0.160396
0.160379
0.160362
0.160345
0.160328
0.160311
0.160294
0.160277
0.16026
0.160243
0.160227
0.16021
0.160193
0.160176
0.160159
0.160142
0.160125
0.160108
0.160091
0.160074
0.160057
0.16004
0.160023
0.160006
0.159989
0.159973
0.159956
0.159939
0.159922
0.159905
0.159888
0.159871
0.159854
0.159837
0.15982
0.159803
0.159786
0.159769
0.159752
0.159735
0.159719
0.159702
0.159685
0.159668
0.159652
0.159635
0.159618
0.159602
0.159585
0.159568
0.159551
0.159535
0.159518
0.159501
0.159485
0.159468
0.159451
0.159435
0.159418
0.159401
0.159384
0.159368
0.159351
0.159334
0.159318
0.159301
0.159284
0.159267
0.159251
0.159234
0.159217
0.159201
0.159184
0.159167
0.159151
0.159134
0.159117
0.1591
0.159084
0.159067
0.15905
0.159034
0.159017
0.159
0.158983
0.158967
0.15895
0.158933
0.158917
0.1589
0.158883
0.158867
0.15885
0.158833
0.158816
0.1588
0.158783
0.158766
0.15875
0.158733
0.158716
0.158699
0.158683
0.158666
0.158649
0.158633
0.158616
0.158599
0.158583
0.158566
0.158549
0.158532
0.158516
0.158499
0.158482
0.158468
0.158453
0.158438
0.158424
0.158409
0.158394
0.15838
0.158365
0.158351
0.158336
0.158321
0.158307
0.158292
0.158277
0.158263
0.158248
0.158233
0.158219
0.158204
0.15819
0.158175
0.15816
0.158146
0.158131
0.158116
0.158102
0.158087
0.158072
0.158058
0.158043
0.158028
0.158014
0.157999
0.157985
0.15797
0.157955
0.157941
0.157926
0.157911
0.157897
0.157882
0.157867
0.157853
0.157838
0.157824
0.157809
0.157794
0.15778
0.157765
0.15775
0.157736
0.157721
0.157706
0.157692
0.157677
0.157662
0.157648
0.157633
0.157619
0.157604
0.157589
0.157575
0.15756
0.157545
0.157531
0.157516
0.157501
0.157487
0.157472
0.157458
0.157443
0.157428
0.157414
0.157399
0.157384
0.15737
0.157354
0.157338
0.157322
0.157306
0.15729
0.157275
0.157259
0.157243
0.157227
0.157211
0.157195
0.15718
0.157164
0.157148
0.157132
0.157116
0.1571
0.157084
0.157069
0.157053
0.157037
0.157021
0.157005
0.156989
0.156973
0.156958
0.156942
0.156926
0.15691
0.156894
0.156878
0.156863
0.156847
0.156831
0.156815
0.156799
0.156783
0.156767
0.156752
0.156736
0.15672
0.156704
0.156688
0.156672
0.156657
0.156641
0.156625
0.156609
0.156593
