4995.98
3823.18
2990.9
2383.11
1930.13
1582.98
1314.36
1102.29
933.101
795.137
683.731
592.378
515.877
451.893
398.457
352.737
313.811
280.223
251.337
226.068
204.077
185.031
167.988
153.122
139.892
128.157
117.659
108.292
99.8442
92.2894
85.3928
79.2338
73.6358
68.545
63.8859
59.6512
55.7555
52.1934
48.952
45.9699
43.2063
40.6857
38.3354
36.1613
34.1484
32.2937
30.5539
28.9322
27.4507
26.0529
24.7363
23.5365
22.3968
21.3248
20.3206
19.3912
18.5121
17.6802
16.8946
16.1705
15.4808
14.825
14.2036
13.633
13.0828
12.5544
12.0654
11.6055
11.1633
10.7451
10.3421
9.96846
9.61131
9.27039
8.94031
8.63535
8.33874
8.05715
7.79086
7.53176
7.29153
7.05634
6.83608
6.6231
6.41901
6.22454
6.03548
5.85879
5.68521
5.52364
5.36311
5.21807
5.07303
4.9299
4.78883
4.66634
4.54386
4.42892
4.31399
4.20537
4.09746
3.99429
3.89231
3.7979
3.70673
3.62001
3.53773
3.45574
3.37488
3.29401
3.22414
3.15426
3.08493
3.01595
2.94986
2.89048
2.83111
2.77277
2.7147
2.65882
2.60625
2.55367
2.50566
2.45815
2.41143
2.36654
2.32166
2.27969
2.23898
2.19828
2.16008
2.12189
2.08472
2.04992
2.01511
1.98132
1.94854
1.91576
1.88478
1.85456
1.82434
1.7973
1.76917
1.74104
1.71545
1.69014
1.66483
1.64125
1.61786
1.59446
1.57224
1.55031
1.52838
1.50747
1.487
1.46653
1.44742
1.42922
1.41102
1.39313
1.37596
1.3588
1.34163
1.32549
1.30935
1.29321
1.2784
1.26415
1.24991
1.23579
1.2222
1.2086
1.195
1.18186
1.16891
1.15596
1.14335
1.13211
1.12087
1.10963
1.09865
1.08793
1.07721
1.06649
1.05629
1.04621
1.03614
1.02616
1.01706
1.00796
0.998855
0.990127
0.981614
0.973101
0.964588
0.956283
0.948465
0.940646
0.932828
0.925199
0.918013
0.910827
0.903642
0.896566
0.889929
0.883292
0.876655
0.870018
0.863786
0.857554
0.851322
0.845089
0.839226
0.833455
0.827684
0.821913
0.816375
0.81107
0.805764
0.800459
0.795194
0.790284
0.785373
0.780463
0.775553
0.770869
0.766337
0.761804
0.757272
0.752739
0.748544
0.744349
0.740154
0.735959
0.731861
0.72799
0.724118
0.720247
0.716375
0.712622
0.708986
0.705351
0.701715
0.69808
0.694657
0.691326
0.687994
0.684663
0.681331
0.678143
0.675015
0.671888
0.66876
0.665633
0.662697
0.659842
0.656987
0.654133
0.651278
0.6485
0.645798
0.643096
0.640393
0.637691
0.635063
0.632608
0.630153
0.627698
0.625243
0.622788
0.620446
0.618117
0.615788
0.613458
0.611129
0.608902
0.606778
0.604653
0.602528
0.600404
0.598279
0.596295
0.594327
0.592359
0.590391
0.588423
0.586471
0.584582
0.582694
0.580805
0.578917
0.577104
0.575333
0.573604
0.571876
0.570148
0.568419
0.56669
0.565047
0.563461
0.561874
0.560288
0.558702
0.557115
0.555593
0.554112
0.552632
0.551151
0.549671
0.548191
0.546747
0.545358
0.543969
0.54258
0.541191
0.539802
0.538436
0.537161
0.535886
0.534611
0.533337
0.532062
0.530787
0.52957
0.528367
0.527164
0.525961
0.524758
0.523555
0.522373
0.52124
0.520107
0.518974
0.517841
0.516708
0.515575
0.514512
0.513478
0.512445
0.511412
0.510379
0.509346
0.508313
0.507325
0.506341
0.505358
0.504375
0.503392
0.502409
0.501433
0.500523
0.499614
0.498704
0.497794
0.496884
0.495975
0.495065
0.494203
0.493341
0.49248
0.491618
0.490756
0.489894
0.489032
0.488234
0.487442
0.48665
0.485859
0.485067
0.484275
0.483484
0.482723
0.481983
0.481242
0.480502
0.479762
0.479021
0.478281
0.477544
0.476834
0.476124
0.475414
0.474703
0.473993
0.473283
0.472573
0.47189
0.471225
0.47056
0.469895
0.46923
0.468592
0.467955
0.467317
0.466697
0.46608
0.465463
0.464846
0.46423
0.463613
0.462996
0.462379
0.461795
0.461214
0.460633
0.460053
0.459472
0.458891
0.458311
0.45773
0.457187
0.456648
0.456109
0.45557
0.455031
0.454492
0.453953
0.453414
0.452889
0.452371
0.451852
0.451333
0.450814
0.450295
0.449777
0.449258
0.448757
0.448283
0.447808
0.447334
0.44686
0.446385
0.445911
0.445437
0.444962
0.444498
0.444037
0.443576
0.443115
0.442654
0.442193
0.441731
0.44127
0.440815
0.440382
0.439949
0.439516
0.439083
0.43865
0.438217
0.437785
0.437352
0.436928
0.436525
0.436122
0.435719
0.435316
0.434913
0.43451
0.434108
0.433705
0.433308
0.432926
0.432545
0.432163
0.431781
0.431399
0.431017
0.430635
0.430254
0.429874
0.429512
0.429151
0.428789
0.428427
0.428066
0.427704
0.427342
0.426981
0.426619
0.426271
0.425929
0.425586
0.425244
0.424902
0.42456
0.424217
0.423875
0.423533
0.423183
0.422771
0.422442
0.422112
0.421783
0.421454
0.421124
0.420795
0.420465
0.420136
0.419816
0.41951
0.419204
0.418898
0.418592
0.418286
0.41798
0.417674
0.417368
0.417063
0.416762
0.416471
0.416179
0.415887
0.415596
0.415304
0.415012
0.41472
0.414429
0.414137
0.413848
0.413565
0.413281
0.412998
0.412715
0.412431
0.412148
0.411865
0.411582
0.411298
0.411015
0.410744
0.410474
0.410204
0.409934
0.409665
0.409395
0.409125
0.408855
0.408586
0.408316
0.408052
0.407798
0.407544
0.40729
0.407036
0.406781
0.406527
0.406273
0.406019
0.405765
0.405511
0.405261
0.405014
0.404767
0.40452
0.404272
0.404025
0.403778
0.403531
0.403283
0.403036
0.402789
0.402552
0.402319
0.402087
0.401854
0.401621
0.401388
0.401156
0.400923
0.40069
0.400458
0.400225
0.399994
0.399766
0.399537
0.399309
0.39908
0.398851
0.398623
0.398394
0.398165
0.397937
0.397708
0.397482
0.397278
0.397073
0.396869
0.396665
0.39646
0.396256
0.396029
0.395803
0.395576
0.39535
0.395123
0.394909
0.394707
0.394505
0.394304
0.394102
0.3939
0.393699
0.393497
0.393295
0.393094
0.392892
0.39269
0.392492
0.392296
0.392099
0.391902
0.391706
0.391509
0.391312
0.391116
0.390919
0.390722
0.390526
0.390329
0.390134
0.389941
0.389747
0.389554
0.38936
0.389167
0.388974
0.38878
0.388587
0.388393
0.3882
0.388006
0.387816
0.387635
0.387454
0.387273
0.387091
0.38691
0.386729
0.386547
0.386366
0.386185
0.386003
0.385822
0.385641
0.385463
0.385286
0.385109
0.384932
0.384755
0.384578
0.384401
0.384224
0.384047
0.383869
0.383692
0.383515
0.383338
0.383174
0.38301
0.382845
0.382681
0.382517
0.382352
0.382188
0.382024
0.381859
0.381695
0.38153
0.381366
0.381202
0.38104
0.380878
0.380716
0.380554
0.380392
0.38023
0.380068
0.379907
0.379745
0.379583
0.379421
0.379259
0.379097
0.378937
0.378777
0.378618
0.378458
0.378299
0.378139
0.37798
0.37782
0.377661
0.377501
0.377342
0.377182
0.377023
0.376864
0.376708
0.376552
0.376396
0.37624
0.376084
0.375928
0.375772
0.375616
0.37546
0.375304
0.375148
0.374992
0.374836
0.374683
0.374538
0.374394
0.374249
0.374104
0.37396
0.373815
0.373671
0.373526
0.373381
0.373237
0.373092
0.372947
0.372803
0.372659
0.372517
0.372375
0.372234
0.372092
0.37195
0.371809
0.371667
0.371525
0.371384
0.371242
0.3711
0.370959
0.370817
0.370676
0.370535
0.370396
0.370256
0.370116
0.369977
0.369837
0.369697
0.369558
0.369418
0.369278
0.369138
0.368999
0.368859
0.368719
0.36858
0.368444
0.368308
0.368172
0.368037
0.367901
0.367765
0.367629
0.367493
0.367357
0.367221
0.367085
0.366949
0.366813
0.366677
0.366543
0.366416
0.366289
0.366162
0.366036
0.365909
0.365782
0.365655
0.365529
0.365402
0.365275
0.365149
0.365022
0.364895
0.364768
0.364642
0.364509
0.364377
0.364245
0.364113
0.363981
0.363848
0.363729
0.36361
0.363491
0.363371
0.363252
0.363133
0.363014
0.362894
0.362775
0.362651
0.362523
0.362395
0.362266
0.362138
0.36201
0.361881
0.361753
0.361625
0.361497
0.361368
0.36124
0.361112
0.360984
0.360855
0.360727
0.360604
0.360484
0.360365
0.360245
0.360125
0.360006
0.359886
0.359766
0.359647
0.359527
0.359407
0.359288
0.359168
0.359048
0.358929
0.358809
0.358691
0.358574
0.358458
0.358341
0.358224
0.358107
0.357991
0.357874
0.357757
0.35764
0.357524
0.357407
0.35729
0.357173
0.357057
0.35694
0.356823
0.356714
0.356606
0.356497
0.356389
0.35628
0.356172
0.356063
0.355955
0.355846
0.355737
0.355629
0.35552
0.355412
0.355303
0.355195
0.355086
0.354976
0.354864
0.354751
0.354638
0.354526
0.354413
0.3543
0.354188
0.354075
0.353962
0.35385
0.353737
0.353624
0.353512
0.353399
0.353286
0.353174
0.353062
0.352952
0.352842
0.352731
0.352621
0.352511
0.352401
0.352291
0.352181
0.352071
0.351961
0.351851
0.351741
0.351631
0.351521
0.351411
0.3513
0.35119
0.351086
0.350984
0.350882
0.350781
0.350679
0.350577
0.350475
0.350373
0.350271
0.350169
0.350068
0.349966
0.349864
0.349762
0.34966
0.349558
0.349456
0.349355
0.349249
0.349142
0.349036
0.348929
0.348823
0.348716
0.34861
0.348504
0.348397
0.348291
0.348184
0.348078
0.347971
0.347865
0.347759
0.347652
0.347546
0.347439
0.34734
0.347242
0.347144
0.347046
0.346948
0.34685
0.346752
0.346654
0.346556
0.346458
0.34636
0.346262
0.346164
0.346066
0.345968
0.34587
0.345772
0.345674
0.345576
0.34548
0.345383
0.345287
0.34519
0.345094
0.344997
0.344901
0.344805
0.344708
0.344612
0.344515
0.344419
0.344322
0.344226
0.34413
0.344033
0.343937
0.34384
0.343743
0.343646
0.343549
0.343452
0.343355
0.343258
0.343161
0.343064
0.342966
0.342869
0.342772
0.342675
0.342578
0.342481
0.342384
0.342287
0.342189
0.342092
0.341979
0.341866
0.34177
0.341675
0.341579
0.341484
0.341389
0.341293
0.341198
0.341102
0.341007
0.340912
0.340816
0.340721
0.340625
0.34053
0.340434
0.340339
0.340244
0.340148
0.340053
0.339962
0.339871
0.339781
0.33969
0.339599
0.339509
0.339418
0.339327
0.339237
0.339146
0.339056
0.338965
0.338874
0.338784
0.338693
0.338602
0.338512
0.338421
0.33833
0.33824
0.338153
0.338067
0.337981
0.337894
0.337808
0.337722
0.337635
0.337549
0.337463
0.337376
0.33729
0.337204
0.337117
0.337031
0.336945
0.336858
0.336772
0.336686
0.336599
0.336513
0.336427
0.336336
0.336245
0.336155
0.336064
0.335973
0.335883
0.335792
0.335701
0.335611
0.33552
0.33543
0.335339
0.335248
0.335158
0.335067
0.334976
0.334886
0.334795
0.334704
0.334614
0.334531
0.334449
0.334366
0.334284
0.334202
0.334119
0.334037
0.333954
0.333872
0.33379
0.333707
0.333625
0.333542
0.33346
0.333378
0.333295
0.333213
0.33313
0.333048
0.332965
0.332883
0.332801
0.332714
0.332628
0.332542
0.332455
0.332369
0.332283
0.332196
0.33211
0.332024
0.331937
0.331851
0.331765
0.331678
0.331592
0.331506
0.331419
0.331333
0.331247
0.33116
0.331074
0.330988
0.330905
0.330823
0.33074
0.330658
0.330576
0.330493
0.330411
0.330328
0.330246
0.330164
0.330081
0.329999
0.329916
0.329834
0.329751
0.329669
0.329587
0.329504
0.329422
0.329339
0.329257
0.329175
0.329096
0.329017
0.328938
0.328859
0.328781
0.328702
0.328623
0.328544
0.328465
0.328386
0.328308
0.328229
0.32815
0.328071
0.327992
0.327913
0.327835
0.327756
0.327677
0.327598
0.327519
0.32744
0.327362
0.327279
0.327197
0.327114
0.327032
0.32695
0.326867
0.326785
0.326702
0.32662
0.326538
0.326455
0.326373
0.32629
0.326208
0.326125
0.326043
0.325961
0.325878
0.325796
0.325713
0.325631
0.325549
0.325473
0.325398
0.325322
0.325246
0.325171
0.325095
0.32502
0.324944
0.324869
0.324793
0.324718
0.324642
0.324567
0.324491
0.324415
0.32434
0.324264
0.324189
0.324113
0.324038
0.323962
0.323887
0.323811
0.323736
0.323665
0.323594
0.323523
0.323452
0.323381
0.323311
0.32324
0.323169
0.323098
0.323027
0.322957
0.322886
0.322815
0.322744
0.322673
0.322602
0.322532
0.322461
0.32239
0.322319
0.322248
0.322178
0.322107
0.322036
0.32196
0.321885
0.321809
0.321734
0.321658
0.321583
0.321507
0.321432
0.321356
0.32128
0.321205
0.321129
0.321054
0.320978
0.320903
0.320827
0.320752
0.320676
0.320601
0.320525
0.32045
0.320374
0.320298
0.320223
0.320147
0.320072
0.319996
0.319921
0.319845
0.31977
0.319694
0.319619
0.319543
0.319467
0.319392
0.319316
0.319241
0.319165
0.31909
0.319014
0.318939
0.318863
0.318788
0.318712
0.318637
0.318561
0.318485
0.31841
0.31834
0.31827
0.318201
0.318131
0.318061
0.317991
0.317922
0.317852
0.317782
0.317713
0.317643
0.317573
0.317503
0.317434
0.317364
0.317294
0.317224
0.317155
0.317085
0.317015
0.316946
0.316876
0.316806
0.316736
0.316667
0.316597
0.316524
0.316452
0.316379
0.316307
0.316234
0.316162
0.316089
0.316017
0.315944
0.315872
0.315799
0.315727
0.315654
0.315582
0.315509
0.315437
0.315364
0.315291
0.315219
0.315146
0.315074
0.315001
0.314929
0.314856
0.314784
0.314721
0.314658
0.314595
0.314532
0.314469
0.314406
0.314343
0.31428
0.314217
0.314154
0.314091
0.314028
0.313965
0.313903
0.31384
0.313777
0.313714
0.313651
0.313588
0.313525
0.313462
0.313399
0.313336
0.313273
0.31321
0.313147
0.313084
0.313014
0.312945
0.312875
0.312805
0.312735
0.312666
0.312596
0.312526
0.312457
0.312387
0.312317
0.312247
0.312178
0.312108
0.312038
0.311968
0.311899
0.311829
0.311759
0.31169
0.31162
0.31155
0.31148
0.311411
0.311341
0.311271
0.311204
0.311137
0.31107
0.311003
0.310935
0.310868
0.310801
0.310734
0.310667
0.3106
0.310533
0.310465
0.310398
0.310331
0.310264
0.310197
0.31013
0.310062
0.309995
0.309928
0.309861
0.309794
0.309727
0.30966
0.309592
0.309525
0.309458
0.309393
0.309329
0.309264
0.309199
0.309134
0.30907
0.309005
0.30894
0.308875
0.308811
0.308746
0.308681
0.308616
0.308552
0.308487
0.308422
0.308357
0.308293
0.308228
0.308163
0.308098
0.308034
0.307969
0.307904
0.307839
0.307775
0.30771
0.307645
0.30758
0.307516
0.307451
0.307386
0.307321
0.307257
0.307192
0.307127
0.307062
0.306998
0.306933
0.306868
0.306803
0.306739
0.306674
0.306609
0.306544
0.30648
0.306415
0.30635
0.306285
0.306221
0.306156
0.306091
0.306026
0.305962
0.305897
0.305832
0.305773
0.305714
0.305655
0.305596
0.305537
0.305479
0.30542
0.305361
0.305302
0.305243
0.305184
0.305125
0.305066
0.305007
0.304948
0.304889
0.30483
0.304772
0.304713
0.304654
0.304595
0.304536
0.304477
0.304418
0.304359
0.304302
0.304246
0.304189
0.304132
0.304072
0.304012
0.303951
0.303891
0.30383
0.30377
0.303709
0.303649
0.303589
0.303528
0.303468
0.303407
0.303347
0.303286
0.303226
0.303165
0.303105
0.303045
0.302984
0.302924
0.302863
0.302803
0.302742
0.302682
0.302622
0.302561
0.302501
0.30244
0.30238
0.302319
0.302259
0.302199
0.302138
0.302078
0.302017
0.301957
0.301896
0.301836
0.301776
0.301715
0.301655
0.301594
0.301534
0.301473
0.301413
0.301353
0.301292
0.301232
0.301171
0.301111
0.30105
0.30099
0.300929
0.300869
0.300809
0.300748
0.300688
0.300627
0.300567
0.300506
0.300446
0.300386
0.300325
0.300265
0.300204
0.300144
0.300083
0.300023
0.299963
0.299902
0.299842
0.299781
0.299721
0.29966
0.2996
0.299539
0.299479
0.299419
0.299358
0.299298
0.299237
0.299177
0.299116
0.299056
0.298996
0.298935
0.298875
0.298814
0.298754
0.298693
0.298639
0.298584
0.298529
0.298474
0.298419
0.298364
0.29831
0.298255
0.2982
0.298145
0.29809
0.298035
0.297981
0.297926
0.297871
0.297816
0.297761
0.297706
0.297652
0.297597
0.297542
0.297487
0.297432
0.297377
0.297323
0.297268
0.297213
0.297158
0.297103
0.297049
0.296994
0.296937
0.29688
0.296824
0.296767
0.29671
0.296654
0.296597
0.29654
0.296484
0.296427
0.29637
0.296314
0.296257
0.296201
0.296144
0.296087
0.296031
0.295974
0.295917
0.295861
0.295804
0.295747
0.295691
0.295634
0.295577
0.295521
0.295464
0.295407
0.295351
0.295294
0.295237
0.295181
0.295126
0.295071
0.295016
0.294961
0.294906
0.294851
0.294796
0.294741
0.294686
0.294631
0.294576
0.294521
0.294466
0.294412
0.294357
0.294302
0.294247
0.294192
0.294137
0.294082
0.294027
0.293972
0.293917
0.293862
0.293807
0.293752
0.293697
0.293642
0.293587
0.293533
0.293478
0.293423
0.293368
0.293313
0.293258
0.293203
0.293148
0.293093
0.293038
0.292983
0.292928
0.292873
0.292818
0.292763
0.292708
0.292653
0.292599
0.292544
0.292489
0.292434
0.292379
0.292324
0.292269
0.292214
0.292159
0.292104
0.292049
0.291994
0.291939
0.291884
0.291829
0.291774
0.291719
0.291665
0.29161
0.291555
0.291503
0.291452
0.2914
0.291349
0.291297
0.291246
0.291194
0.291143
0.291091
0.29104
0.290988
0.290937
0.290885
0.290834
0.290782
0.290731
0.290679
0.290628
0.290576
0.290525
0.290473
0.290422
0.29037
0.290319
0.290267
0.290216
0.290164
0.290112
0.290061
0.290009
0.289958
0.289906
0.289855
0.289803
0.289751
0.2897
0.289648
0.289596
0.289544
0.289492
0.289441
0.289389
0.289337
0.289285
0.289233
0.289182
0.28913
0.289078
0.289026
0.288974
0.288923
0.288871
0.288819
0.288767
0.288715
0.288664
0.288612
0.28856
0.288508
0.288456
0.288405
0.288353
0.288301
0.288249
0.288197
0.288146
0.288094
0.288042
0.28799
0.287938
0.287887
0.287835
0.287783
0.287731
0.287679
0.287628
0.287576
0.287524
0.287472
0.28742
0.287369
0.287317
0.287265
0.287213
0.287161
0.28711
0.287058
0.287006
0.286954
0.286902
0.286851
0.286799
0.286747
0.286695
0.286643
0.286592
0.28654
0.286488
0.286436
0.286384
0.286333
0.286281
0.286229
0.286177
0.286125
0.286074
0.286022
0.28597
0.285918
0.285866
0.285815
0.285763
0.285711
0.285659
0.285607
0.285556
0.285504
0.285452
0.2854
0.285348
0.285297
0.285245
0.285193
0.285141
0.285089
0.285038
0.284986
0.284934
0.284882
0.28483
0.284779
0.284727
0.284675
0.284623
0.284571
0.28452
0.284468
0.284416
0.28437
0.284324
0.284278
0.284232
0.284186
0.28414
0.284094
0.284048
0.284002
0.283957
0.283911
0.283865
0.283819
0.283773
0.283727
0.283681
0.283635
0.283589
0.283543
0.283497
0.283451
0.283405
0.283359
0.283313
0.283267
0.283222
0.283176
0.28313
0.283084
0.283038
0.282992
0.282946
0.2829
0.282854
0.282808
0.282762
0.282716
0.282667
0.282618
0.282569
0.28252
0.282471
0.282422
0.282373
0.282324
0.282275
0.282226
0.282177
0.282128
0.282079
0.28203
0.281981
0.281932
0.281883
0.281834
0.281785
0.281736
0.281687
0.281638
0.281589
0.28154
0.281491
0.281442
0.281393
0.281344
0.281295
0.281246
0.281197
0.281148
0.281099
0.28105
0.281001
0.280952
0.280903
0.280856
0.280808
0.28076
0.280712
0.280665
0.280617
0.280569
0.280522
0.280474
0.280426
0.280378
0.280331
0.280283
0.280235
0.280188
0.28014
0.280092
0.280044
0.279997
0.279949
0.279901
0.279854
0.279806
0.279758
0.27971
0.279663
0.279615
0.279567
0.27952
0.279472
0.279424
0.279377
0.279329
0.279281
0.279233
0.279186
0.279138
0.27909
0.279044
0.278998
0.278952
0.278906
0.278859
0.278813
0.278767
0.278721
0.278675
0.278629
0.278582
0.278536
0.27849
0.278444
0.278398
0.278352
0.278305
0.278259
0.278213
0.278167
0.278121
0.278075
0.278028
0.277982
0.277936
0.27789
0.277844
0.277803
0.277761
0.27772
0.277679
0.277638
0.277597
0.277555
0.277514
0.277473
0.277432
0.277391
0.277345
0.2773
0.277255
0.277209
0.277164
0.277119
0.277073
0.277028
0.276983
0.276937
0.276892
0.276847
0.276801
0.276756
0.276711
0.276665
0.27662
0.276575
0.276529
0.276484
0.276439
0.276393
0.276348
0.276303
0.276257
0.276212
0.276167
0.276121
0.276076
0.276031
0.275985
0.27594
0.275895
0.275849
0.275804
0.275759
0.275713
0.275668
0.275623
0.275578
0.275532
0.275487
0.275442
0.275396
0.275351
0.275306
0.27526
0.275215
0.27517
0.275124
0.275079
0.275034
0.274988
0.274943
0.274898
0.274852
0.274807
0.274762
0.274716
0.274671
0.274626
0.27458
0.274535
0.27449
0.274444
0.274399
0.274354
0.274308
0.274263
0.274218
0.274172
0.274127
0.274082
0.274036
0.273991
0.273946
0.273901
0.273855
0.27381
0.273764
0.273723
0.273682
0.27364
0.273599
0.273557
0.273516
0.273474
0.273433
0.273391
0.27335
0.273308
0.273267
0.273226
0.273184
0.273143
0.273101
0.27306
0.273018
0.272977
0.272935
0.272894
0.272852
0.272811
0.27277
0.272728
0.272687
0.272645
0.272604
0.272562
0.272521
0.272479
0.272438
0.272396
0.272355
0.272314
0.272272
0.272231
0.272189
0.272148
0.272106
0.272065
0.272021
0.271976
0.271932
0.271888
0.271844
0.2718
0.271755
0.271711
0.271667
0.271623
0.271578
0.271534
0.27149
0.271446
0.271402
0.271357
0.271313
0.271269
0.271225
0.27118
0.271136
0.271092
0.271048
0.271004
0.270959
0.270915
0.270871
0.270827
0.270782
0.270738
0.270694
0.27065
0.270606
0.270561
0.270517
0.270473
0.270429
0.270384
0.27034
0.270296
0.270252
0.27021
0.270167
0.270125
0.270083
0.270041
0.269999
0.269957
0.269915
0.269872
0.26983
0.269788
0.269746
0.269704
0.269662
0.269619
0.269577
0.269535
0.269493
0.269451
0.269409
0.269366
0.269324
0.269282
0.26924
0.269198
0.269156
0.269113
0.269071
0.269029
0.268987
0.268945
0.268903
0.26886
0.268818
0.268776
0.268734
0.268692
0.26865
0.268607
0.268565
0.268523
0.268481
0.268439
0.268399
0.26836
0.26832
0.268281
0.268241
0.268202
0.268162
0.268123
0.268083
0.268044
0.268004
0.267964
0.267925
0.267885
0.267846
0.267806
0.267767
0.267727
0.267688
0.267648
0.267609
0.267569
0.26753
0.26749
0.267451
0.267411
0.267372
0.267332
0.267292
0.267253
0.267213
0.267174
0.267134
0.267095
0.267055
0.267016
0.266976
0.266937
0.266897
0.266858
0.266818
0.266779
0.266739
0.266698
0.266657
0.266615
0.266574
0.266533
0.266492
0.266451
0.266409
0.266368
0.266327
0.266286
0.266245
0.266203
0.266162
0.266121
0.26608
0.266039
0.265997
0.265956
0.265915
0.265874
0.265833
0.265791
0.26575
0.265709
0.265668
0.265627
0.265585
0.265544
0.265503
0.265462
0.265421
0.265379
0.265338
0.265297
0.265256
0.265215
0.265173
0.265132
0.265091
0.26505
0.265009
0.264967
0.264926
0.264886
0.264846
0.264805
0.264765
0.264725
0.264684
0.264644
0.264604
0.264564
0.264523
0.264483
0.264443
0.264402
0.264362
0.264322
0.264281
0.264241
0.264201
0.264161
0.26412
0.26408
0.26404
0.263999
0.263959
0.263919
0.263879
0.263838
0.263798
0.263758
0.263717
0.263677
0.263637
0.263597
0.263556
0.263516
0.263476
0.263435
0.263395
0.263355
0.263315
0.263274
0.263234
0.263194
0.263153
0.263113
0.263076
0.263039
0.263002
0.262965
0.262928
0.262891
0.262854
0.262817
0.262781
0.262744
0.262707
0.26267
0.262633
0.262596
0.262559
0.262522
0.262485
0.262448
0.262411
0.262374
0.262337
0.2623
0.262263
0.262226
0.262189
0.262152
0.262115
0.262078
0.262042
0.262005
0.261968
0.261931
0.261894
0.261857
0.26182
0.261783
0.261746
0.261709
0.261672
0.261635
0.261598
0.261561
0.261524
0.261487
0.26145
0.261413
0.261375
0.261336
0.261298
0.261259
0.261221
0.261182
0.261143
0.261105
0.261066
0.261028
0.260989
0.26095
0.260912
0.260873
0.260835
0.260796
0.260758
0.260719
0.26068
0.260642
0.260603
0.260565
0.260526
0.260488
0.260449
0.26041
0.260372
0.260333
0.260295
0.260256
0.260218
0.260179
0.26014
0.260102
0.260063
0.260025
0.259986
0.259948
0.259909
0.25987
0.259832
0.259793
0.259755
0.259716
0.259678
0.259639
0.2596
0.259565
0.25953
0.259494
0.259459
0.259423
0.259388
0.259352
0.259317
0.259282
0.259246
0.259211
0.259175
0.25914
0.259105
0.259069
0.259034
0.258998
0.258963
0.258928
0.258892
0.258857
0.258821
0.258786
0.258751
0.258715
0.25868
0.258644
0.258609
0.258573
0.258538
0.258503
0.258467
0.258432
0.258396
0.258361
0.258326
0.25829
0.258255
0.258219
0.258184
0.258149
0.258113
0.258078
0.258042
0.258007
0.257971
0.257936
0.257901
0.257863
0.257825
0.257787
0.25775
0.257712
0.257674
0.257636
0.257598
0.257561
0.257523
0.257485
0.257447
0.25741
0.257372
0.257334
0.257296
0.257259
0.257221
0.257183
0.257145
0.257107
0.25707
0.257032
0.256994
0.256956
0.256919
0.256881
0.256843
0.256805
0.256768
0.25673
0.256692
0.256654
0.256616
0.256579
0.256541
0.256503
0.256465
0.256428
0.25639
0.256352
0.256314
0.256277
0.256239
0.256201
0.256163
0.256125
0.256088
0.256054
0.25602
0.255986
0.255952
0.255918
0.255884
0.25585
0.255816
0.255782
0.255748
0.255714
0.25568
0.255646
0.255612
0.255578
0.255544
0.25551
0.255476
0.255442
0.255408
0.255374
0.25534
0.255306
0.255272
0.255238
0.255204
0.25517
0.255136
0.255102
0.255068
0.255034
0.255
0.254966
0.254932
0.254898
0.254864
0.25483
0.254796
0.254762
0.254728
0.254694
0.25466
0.254626
0.254592
0.254558
0.254524
0.25449
0.254456
0.254422
0.254388
0.254352
0.254317
0.254281
0.254246
0.25421
0.254175
0.254139
0.254104
0.254068
0.254032
0.253997
0.253961
0.253926
0.25389
0.253855
0.253819
0.253784
0.253748
0.253713
0.253677
0.253641
0.253606
0.25357
0.253535
0.253499
0.253464
0.253428
0.253393
0.253357
0.253321
0.253286
0.25325
0.253215
0.253179
0.253144
0.253108
0.253073
0.253037
0.253002
0.252966
0.25293
0.252895
0.252859
0.252824
0.252788
0.252753
0.252717
0.252682
0.252646
0.252611
0.252575
0.252542
0.252508
0.252475
0.252442
0.252408
0.252375
0.252342
0.252308
0.252275
0.252242
0.252208
0.252175
0.252142
0.252108
0.252075
0.252042
0.252008
0.251975
0.251942
0.251908
0.251875
0.251842
0.251808
0.251775
0.251742
0.251708
0.251675
0.251642
0.251608
0.251575
0.251542
0.251508
0.251475
0.251442
0.251408
0.251375
0.251342
0.251309
0.251275
0.251242
0.251209
0.251175
0.251142
0.251109
0.251075
0.251042
0.251009
0.250975
0.250942
0.250909
0.250875
0.250841
0.250807
0.250773
0.250738
0.250704
0.25067
0.250636
0.250602
0.250567
0.250533
0.250499
0.250465
0.250431
0.250396
0.250362
0.250328
0.250294
0.25026
0.250225
0.250191
0.250157
0.250123
0.250088
0.250054
0.25002
0.249986
0.249952
0.249917
0.249883
0.249849
0.249815
0.249781
0.249746
0.249712
0.249678
0.249644
0.24961
0.249575
0.249541
0.249507
0.249473
0.249439
0.249404
0.24937
0.249336
0.249302
0.249267
0.249233
0.249199
0.249165
0.249131
0.249096
0.249062
0.24903
0.248998
0.248966
0.248934
0.248902
0.24887
0.248838
0.248806
0.248774
0.248742
0.248709
0.248677
0.248645
0.248613
0.248581
0.248549
0.248517
0.248485
0.248453
0.248421
0.248389
0.248357
0.248325
0.248293
0.248261
0.248228
0.248196
0.248164
0.248132
0.2481
0.248068
0.248036
0.248004
0.247972
0.24794
0.247908
0.247876
0.247844
0.247812
0.247779
0.247747
0.247715
0.247683
0.247651
0.247619
0.247587
0.247555
0.247523
0.247491
0.247459
0.247427
0.247395
0.247363
0.247332
0.247301
0.24727
0.247239
0.247208
0.247177
0.247146
0.247115
0.247084
0.247054
0.247023
0.246992
0.246961
0.24693
0.246899
0.246868
0.246837
0.246806
0.246775
0.246744
0.246714
0.246683
0.246652
0.246621
0.24659
0.246559
0.246528
0.246497
0.246466
0.246435
0.246405
0.246374
0.246343
0.246312
0.246281
0.24625
0.246219
0.246188
0.246157
0.246126
0.246096
0.246065
0.246034
0.246003
0.245972
0.245941
0.24591
0.245879
0.245848
0.245817
0.245786
0.245756
0.245725
0.245694
0.245663
0.24563
0.245598
0.245566
0.245533
0.245501
0.245469
0.245436
0.245404
0.245371
0.245339
0.245307
0.245274
0.245242
0.24521
0.245177
0.245145
0.245112
0.24508
0.245048
0.245015
0.244983
0.244951
0.244918
0.244886
0.244853
0.244821
0.244789
0.244756
0.244724
0.244692
0.244659
0.244627
0.244594
0.244562
0.24453
0.244497
0.244465
0.244433
0.2444
0.244368
0.244335
0.244303
0.244271
0.244238
0.244206
0.244174
0.244141
0.244109
0.244076
0.244044
0.244012
0.243979
0.243947
0.243915
0.243882
0.24385
0.24382
0.24379
0.24376
0.243731
0.243701
0.243671
0.243641
0.243611
0.243581
0.243552
0.243522
0.243492
0.243462
0.243432
0.243403
0.243373
0.243343
0.243313
0.243283
0.243253
0.243224
0.243194
0.243164
0.243134
0.243104
0.243075
0.243045
0.243015
0.242985
0.242955
0.242925
0.242896
0.242866
0.242836
0.242806
0.242776
0.242747
0.242717
0.242687
0.242657
0.242627
0.242597
0.242568
0.242538
0.242508
0.242478
0.242448
0.242419
0.242389
0.242359
0.242329
0.242299
0.242269
0.24224
0.24221
0.24218
0.24215
0.24212
0.242089
0.242058
0.242028
0.241997
0.241966
0.241936
0.241905
0.241875
0.241844
0.241813
0.241783
0.241752
0.241721
0.241691
0.24166
0.24163
0.241599
0.241568
0.241538
0.241507
0.241476
0.241446
0.241415
0.241385
0.241354
0.241323
0.241293
0.241262
0.241231
0.241201
0.24117
0.24114
0.241109
0.241078
0.241048
0.241017
0.24099
0.240963
0.240936
0.240909
0.240882
0.240855
0.240828
0.240801
0.240774
0.240747
0.24072
0.240693
0.240666
0.240639
0.240612
0.240585
0.240558
0.240531
0.240504
0.240477
0.24045
0.24042
0.240389
0.240358
0.240328
0.240297
0.240266
0.240235
0.240205
0.240174
0.240143
0.240112
0.240082
0.240051
0.24002
0.23999
0.239959
0.239928
0.239897
0.239867
0.239836
0.239805
0.239774
0.239744
0.239713
0.239682
0.239652
0.239621
0.23959
0.239559
0.239529
0.239498
0.239467
0.239436
0.239406
0.239375
0.239344
0.239313
0.239283
0.239252
0.239221
0.239191
0.23916
0.239129
0.239098
0.239068
0.239037
0.239006
0.238975
0.238945
0.238914
0.238883
0.238853
0.238822
0.238791
0.23876
0.23873
0.238699
0.238668
0.238637
0.238609
0.238581
0.238552
0.238524
0.238496
0.238467
0.238439
0.238411
0.238382
0.238354
0.238326
0.238297
0.238269
0.238241
0.238213
0.238184
0.238156
0.238128
0.238099
0.238071
0.238043
0.238014
0.237986
0.237958
0.237929
0.237901
0.237873
0.237844
0.237816
0.237788
0.237759
0.237731
0.237703
0.237674
0.237646
0.237618
0.237589
0.237561
0.237533
0.237504
0.237476
0.237448
0.237419
0.237391
0.237363
0.237334
0.237306
0.237278
0.237249
0.237221
0.237193
0.237164
0.237136
0.237108
0.237079
0.237051
0.237023
0.236994
0.236966
0.236938
0.23691
0.236882
0.236854
0.236826
0.236798
0.236771
0.236743
0.236715
0.236687
0.236659
0.236631
0.236603
0.236576
0.236548
0.23652
0.236492
0.236464
0.236436
0.236408
0.23638
0.236353
0.236325
0.236297
0.236269
0.236241
0.236213
0.236185
0.236158
0.23613
0.236102
0.236074
0.236046
0.236018
0.23599
0.235963
0.235935
0.235907
0.235879
0.235851
0.235823
0.235795
0.235767
0.23574
0.235712
0.235684
0.235656
0.235628
0.2356
0.235572
0.235545
0.235517
0.235489
0.235461
0.235433
0.235405
0.235377
0.23535
0.235322
0.235294
0.235266
0.235238
0.235211
0.235184
0.235157
0.23513
0.235103
0.235076
0.235049
0.235022
0.234995
0.234968
0.234941
0.234914
0.234887
0.23486
0.234833
0.234806
0.234779
0.234752
0.234725
0.234698
0.234671
0.234645
0.234618
0.234591
0.234564
0.234537
0.23451
0.234483
0.234456
0.234429
0.234402
0.234375
0.234348
0.234321
0.234294
0.234267
0.23424
0.234213
0.234186
0.234159
0.234132
0.234105
0.234078
0.234051
0.234024
0.233997
0.23397
0.233943
0.233916
0.233889
0.233862
0.233835
0.233808
0.233781
0.233754
0.233727
0.2337
0.233673
0.233646
0.233619
0.233592
0.233565
0.233538
0.233512
0.233485
0.233459
0.233432
0.233406
0.233379
0.233352
0.233326
0.233299
0.233273
0.233246
0.23322
0.233193
0.233167
0.23314
0.233113
0.233087
0.23306
0.233034
0.233007
0.232981
0.232954
0.232928
0.232901
0.232874
0.232848
0.232821
0.232795
0.232768
0.232742
0.232715
0.232689
0.232662
0.232635
0.232609
0.232582
0.232556
0.232529
0.232503
0.232476
0.232449
0.232423
0.232396
0.23237
0.232343
0.232317
0.23229
0.232264
0.232237
0.23221
0.232184
0.232157
0.232131
0.232104
0.232078
0.232051
0.232025
0.231998
0.231971
0.231945
0.231918
0.231892
0.231865
0.231839
0.231813
0.231786
0.23176
0.231734
0.231708
0.231682
0.231656
0.231629
0.231603
0.231577
0.231551
0.231525
0.231499
0.231473
0.231446
0.23142
0.231394
0.231368
0.231342
0.231316
0.23129
0.231263
0.231237
0.231211
0.231185
0.231159
0.231133
0.231106
0.23108
0.231054
0.231028
0.231002
0.230976
0.23095
0.230923
0.230897
0.230871
0.230845
0.230819
0.230793
0.230767
0.23074
0.230714
0.230688
0.230662
0.230636
0.23061
0.230583
0.230557
0.230531
0.230505
0.230479
0.230453
0.230427
0.2304
0.230374
0.230348
0.230322
0.230296
0.23027
0.230244
0.230217
0.230191
0.230165
0.230139
0.230113
0.230087
0.230062
0.230036
0.23001
0.229984
0.229959
0.229933
0.229907
0.229881
0.229856
0.22983
0.229804
0.229778
0.229753
0.229727
0.229701
0.229675
0.22965
0.229624
0.229598
0.229572
0.229547
0.229521
0.229495
0.229469
0.229444
0.229418
0.229392
0.229366
0.229341
0.229315
0.229289
0.229263
0.229238
0.229212
0.229186
0.22916
0.229135
0.229109
0.229083
0.229057
0.229032
0.229006
0.22898
0.228954
0.228929
0.228903
0.228877
0.228851
0.228826
0.2288
0.228774
0.228748
0.228723
0.228697
0.228671
0.228645
0.22862
0.228594
0.228568
0.228542
0.228517
0.228491
0.228465
0.228439
0.228414
0.228389
0.228364
0.228339
0.228314
0.228289
0.228264
0.228239
0.228214
0.228189
0.228164
0.228139
0.228114
0.228089
0.228064
0.228039
0.228014
0.227989
0.227964
0.227939
0.227914
0.227889
0.227864
0.227839
0.227814
0.227789
0.227764
0.227739
0.227714
0.227689
0.227664
0.227639
0.227614
0.227589
0.227564
0.227539
0.227514
0.227489
0.227464
0.227439
0.227414
0.227389
0.227364
0.227339
0.227314
0.227289
0.227264
0.227239
0.227214
0.227189
0.227164
0.22714
0.227115
0.227089
0.227065
0.22704
0.227015
0.22699
0.226965
0.22694
0.226915
0.22689
0.226865
0.22684
0.226815
0.22679
0.226765
0.22674
0.226715
0.22669
0.226666
0.226641
0.226616
0.226592
0.226567
0.226543
0.226518
0.226493
0.226469
0.226444
0.226419
0.226395
0.22637
0.226345
0.226321
0.226296
0.226272
0.226247
0.226222
0.226198
0.226173
0.226148
0.226124
0.226099
0.226074
0.22605
0.226025
0.226001
0.225976
0.225951
0.225927
0.225902
0.225877
0.225853
0.225828
0.225803
0.225779
0.225754
0.22573
0.225705
0.22568
0.225656
0.225631
0.225606
0.225582
0.225557
0.225533
0.225508
0.225483
0.225459
0.225434
0.225409
0.225385
0.22536
0.225335
0.225311
0.225286
0.225262
0.225237
0.225212
0.225188
0.225163
0.225138
0.225114
0.225089
0.225065
0.22504
0.225016
0.224991
0.224967
0.224943
0.224918
0.224894
0.22487
0.224846
0.224821
0.224797
0.224773
0.224748
0.224724
0.2247
0.224676
0.224651
0.224627
0.224603
0.224579
0.224554
0.22453
0.224506
0.224481
0.224457
0.224433
0.224409
0.224384
0.22436
0.224336
0.224311
0.224287
0.224263
0.224239
0.224214
0.22419
0.224166
0.224141
0.224117
0.224093
0.224069
0.224044
0.22402
0.223996
0.223971
0.223947
0.223923
0.223899
0.223874
0.22385
0.223826
0.223802
0.223777
0.223753
0.223729
0.223704
0.22368
0.223656
0.223632
0.223607
0.223583
0.223559
0.223534
0.22351
0.223486
0.223462
0.223437
0.223413
0.223389
0.223364
0.22334
0.223317
0.223293
0.223269
0.223246
0.223222
0.223199
0.223175
0.223151
0.223128
0.223104
0.22308
0.223057
0.223033
0.22301
0.222986
0.222962
0.222939
0.222915
0.222892
0.222868
0.222844
0.222821
0.222797
0.222774
0.22275
0.222726
0.222703
0.222679
0.222656
0.222632
0.222608
0.222585
0.222561
0.222538
0.222514
0.22249
0.222467
0.222443
0.22242
0.222396
0.222372
0.222349
0.222325
0.222301
0.222278
0.222254
0.222231
0.222207
0.222183
0.22216
0.222136
0.222113
0.222089
0.222065
0.222042
0.222018
0.221995
0.221971
0.221947
0.221924
0.2219
0.221877
0.221853
0.221829
0.221806
0.221782
0.221758
0.221735
0.221711
0.221688
0.221664
0.22164
0.221617
0.221594
0.221571
0.221547
0.221524
0.221501
0.221477
0.221454
0.221431
0.221408
0.221384
0.221361
0.221338
0.221315
0.221291
0.221268
0.221245
0.221221
0.221198
0.221175
0.221152
0.221128
0.221105
0.221082
0.221058
0.221035
0.221012
0.220989
0.220965
0.220942
0.220919
0.220895
0.220872
0.220849
0.220826
0.220802
0.220779
0.220756
0.220732
0.220709
0.220686
0.220663
0.220639
0.220616
0.220593
0.220569
0.220546
0.220523
0.2205
0.220476
0.220453
0.22043
0.220406
0.220383
0.22036
0.220337
0.220313
0.22029
0.220267
0.220243
0.22022
0.220197
0.220174
0.22015
0.220127
0.220104
0.22008
0.220057
0.220034
0.220011
0.219987
0.219964
0.219941
0.219918
0.219895
0.219872
0.219849
0.219826
0.219803
0.21978
0.219757
0.219734
0.219711
0.219688
0.219665
0.219642
0.219619
0.219596
0.219573
0.21955
0.219527
0.219504
0.219481
0.219458
0.219435
0.219412
0.21939
0.219367
0.219344
0.219321
0.219298
0.219275
0.219252
0.219229
0.219206
0.219183
0.21916
0.219137
0.219114
0.219091
0.219068
0.219045
0.219022
0.218999
0.218976
0.218953
0.21893
0.218907
0.218884
0.218861
0.218838
0.218815
0.218792
0.218769
0.218746
0.218723
0.2187
0.218677
0.218655
0.218632
0.218609
0.218586
0.218563
0.21854
0.218517
0.218494
0.218471
0.218448
0.218425
0.218402
0.218379
0.218356
0.218333
0.21831
0.218287
0.218264
0.218241
0.218219
0.218196
0.218174
0.218152
0.218129
0.218107
0.218085
0.218062
0.21804
0.218017
0.217995
0.217973
0.21795
0.217928
0.217906
0.217883
0.217861
0.217839
0.217816
0.217794
0.217771
0.217749
0.217727
0.217704
0.217682
0.21766
0.217637
0.217615
0.217593
0.21757
0.217548
0.217525
0.217503
0.217481
0.217458
0.217436
0.217414
0.217391
0.217369
0.217347
0.217324
0.217302
0.217279
0.217257
0.217235
0.217212
0.21719
0.217168
0.217145
0.217123
0.217101
0.217078
0.217056
0.217033
0.217011
0.216989
0.216966
0.216944
0.216922
0.216899
0.216877
0.216854
0.216832
0.21681
0.216787
0.216765
0.216743
0.21672
0.216698
0.216676
0.216653
0.216631
0.216608
0.216586
0.216564
0.216541
0.216521
0.216501
0.21648
0.21646
0.21644
0.216419
0.216399
0.216379
0.216358
0.216338
0.216318
0.216297
0.216277
0.216257
0.216236
0.216216
0.216196
0.216175
0.216155
0.216135
0.216114
0.216094
0.216074
0.216053
0.216033
0.216013
0.215992
0.215972
0.215952
0.215931
0.215911
0.215891
0.21587
0.21585
0.21583
0.215809
0.215789
0.215769
0.215748
0.215728
0.215708
0.215687
0.215667
0.215646
0.215626
0.215606
0.215585
0.215565
0.215545
