9991.96
3860.26
1866.202
1031.754
627.622
408.154
279.784
199.6884
147.2716
111.5110
86.4126
68.2968
54.9014
44.7936
37.0242
30.9616
26.1656
22.3266
19.22262
16.67748
14.58306
12.83802
11.37042
10.14606
9.08772
8.19492
7.41346
6.74976
6.16986
5.66222
5.21250
4.82286
4.47796
4.16944
3.89708
3.64868
3.43090
3.23572
3.05676
2.89484
2.75192
2.61870
2.49982
2.390
2.28670
2.19730
2.11258
2.03412
1.963228
1.896930
1.836026
1.779858
1.727572
1.678452
1.632750
1.590388
1.551106
1.514544
1.480308
1.448236
1.417972
1.389314
1.362662
1.33752
1.313974
1.291596
1.270126
1.250486
1.231576
1.213556
1.196558
1.180782
1.165388
1.150666
1.136838
1.123748
1.111186
1.099342
1.087938
1.076872
1.066674
1.056734
1.047110
1.037948
1.029024
1.020758
1.012682
1.004818
.997408
.990130
.983236
.976468
.970134
.963966
.958042
.952248
.946566
.94112
.935910
.930926
.925992
.921266
.916622
.912218
.907906
.903704
.899554
.895616
.891822
.888074
.884386
.880764
.87730
.873856
.870632
.867410
.864326
.861270
.858302
.855408
.852542
.849804
.847066
.844224
.841590
.83902
.836572
.834126
.831774
.82944
.827130
.824862
.822596
.820408
.818250
.816104
.814072
.812038
.810028
.808050
.806072
.804174
.802312
.800450
.798618
.796788
.794964
.793330
.791606
.789818
.788204
.786590
.784984
.783412
.781838
.780268
.77872
.777174
.775632
.774182
.772732
.771282
.769864
.768448
.767030
.765690
.764376
.76306
.761756
.76046
.759166
.757874
.756598
.755322
.754046
.752792
.751544
.750296
.749076
.74792
.746762
.745606
.744468
.743334
.7422
.741070
.739954
.738836
.737718
.736616
.735530
.734442
.733354
.732324
.731310
.730298
.729284
.728226
.72722
.726266
.725302
.724276
.723250
.722224
.721208
.720250
.719294
.718336
.717382
.716448
.715514
.71458
.713646
.712778
.711910
.71104
.710172
.709276
.708376
.707474
.706572
.705684
.704802
.703922
.703042
.702172
.701358
.700542
.699728
.698912
.698072
.69722
.696368
.695518
.69468
.693896
.693112
.692328
.691544
.690766
.689994
.689224
.688452
.68768
.686904
.686128
.685350
.684574
.683732
.682968
.682204
.681442
.680678
.679924
.679198
.678474
.677748
.677024
.676306
.675616
.674926
.674234
.673544
.672854
.672128
.671402
.670678
.669952
.669228
.668568
.667908
.667250
.666590
.665930
.665256
.664566
.663874
.663184
.662494
.661810
.661152
.660492
.659832
.659174
.658514
.657876
.657246
.656616
.655984
.655354
.654724
.654064
.653404
.652746
.652086
.651426
.650796
.650190
.649586
.648982
.648378
.647774
.647188
.646622
.646054
.645488
.644922
.644356
.643770
.643166
.64256
.641956
.641352
.640748
.640144
.63954
.638934
.638330
.637726
.637122
.63654
.635982
.635426
.634868
.634310
.633752
.633194
.632614
.632034
.631454
.630874
.630292
.629712
.629190
.628686
.628182
.62768
.627176
.626672
.626168
.625610
.625052
.624494
.623936
.62338
.622822
.622274
.621736
.6212
.620662
.620124
.619588
.619050
.618528
.618010
.617492
.616974
.616456
.615938
.61542
.614902
.614384
.613866
.613348
.612830
.612312
.611794
.611310
.61084
.610368
.609896
.609426
.608954
.608492
.608024
.60754
.607056
.606572
.606090
.605606
.605122
.604638
.604156
.603672
.603188
.602706
.602222
.601738
.601254
.600772
.600288
.599804
.59932
.598838
.598354
.597870
.597386
.596948
.596510
.596070
.595632
.595194
.594754
.594316
.593874
.59342
.592968
.592514
.592062
.591608
.591154
.590702
.590252
.589812
.589372
.588932
.588494
.588054
.587614
.587174
.586736
.586296
.585856
.585416
.584978
.584538
.584098
.583658
.58322
.5828
.582388
.581976
.581564
.581152
.58074
.580328
.579916
.579502
.579088
.578674
.57826
.577846
.577430
.577016
.576602
.576188
.575774
.575358
.574944
.574530
.574116
.573702
.573286
.572872
.572458
.572044
.571630
.571214
.5708
.570386
.569972
.569558
.569142
.56874
.568372
.568004
.567638
.567270
.566902
.566534
.566168
.5658
.565432
.56504
.564648
.564256
.563864
.563472
.56308
.562688
.562296
.561904
.56152
.561138
.560756
.560376
.559994
.559612
.559230
.558848
.558466
.558088
.557718
.557350
.55698
.556610
.556242
.555872
.555522
.555194
.554864
.554510
.554146
.553784
.553422
.553058
.552696
.552334
.551970
.551608
.551246
.550884
.55052
.550158
.549796
.549432
.549070
.548708
.548344
.547982
.54762
.54728
.546948
.546616
.546286
.545954
.545622
.545290
.544958
.544628
.544296
.543952
.5436
.543246
.542892
.542538
.542184
.541830
.541476
.541122
.540768
.54042
.540082
.539744
.539408
.539070
.538732
.538396
.538058
.53772
.537384
.537046
.53672
.536404
.536088
.535770
.535454
.535138
.534822
.534506
.534190
.533874
.533558
.533230
.532902
.532572
.532242
.531912
.531582
.531254
.530924
.530594
.530264
.529934
.529610
.529288
.528966
.528644
.528322
.527998
.527676
.527354
.527032
.526710
.526388
.526078
.525782
.525488
.525192
.524896
.5246
.524304
.524010
.523714
.523418
.523122
.522826
.522518
.522210
.52190
.521592
.521284
.520976
.520666
.520358
.520050
.51974
.519432
.519130
.518846
.518564
.51828
.517996
.517714
.517430
.517146
.516864
.51658
.516298
.516014
.515726
.515424
.515122
.51482
.514518
.514214
.513912
.513610
.513308
.513006
.512704
.512402
.512108
.511836
.511564
.511292
.51102
.510748
.510476
.510204
.509932
.50966
.509388
.509116
.508844
.508562
.508278
.507994
.507710
.507426
.50714
.506856
.506572
.506288
.506004
.505718
.505434
.505150
.504884
.504616
.504350
.504084
.503816
.503550
.503284
.503016
.502750
.502484
.502218
.501950
.501682
.501408
.501134
.500862
.500588
.500314
.50004
.499766
.499492
.49922
.498946
.498672
.498398
.498124
.497868
.497612
.497354
.497098
.496842
.496586
.496328
.496072
.495816
.495558
.495302
.495046
.494790
.49454
.494292
.494046
.493798
.493550
.493304
.493056
.492810
.492562
.492314
.492068
.49182
.491572
.491326
.491066
.490808
.490548
.490290
.490030
.489772
.489512
.489254
.488994
.488736
.488476
.488218
.487958
.48770
.487462
.487222
.486984
.486746
.486506
.486268
.486030
.485792
.485552
.485314
.485076
.484838
.484598
.48436
.484116
.483872
.483626
.483382
.483136
.482892
.482646
.482402
.482156
.481926
.481710
.481494
.481278
.481062
.48084
.480594
.480348
.480102
.479856
.479610
.479364
.479118
.478872
.478626
.478382
.478136
.477890
.477644
.477398
.477162
.476934
.476708
.476482
.476256
.476028
.475802
.475576
.475348
.475122
.474896
.474668
.474442
.474216
.473988
.473764
.473542
.473318
.473096
.472872
.472650
.472426
.472204
.47198
.471758
.471534
.471312
.471090
.470866
.470644
.470422
.470206
.469990
.469774
.469558
.469342
.469128
.468912
.468696
.46848
.468264
.468048
.467832
.467616
.4674
.467184
.466970
.466758
.466546
.466334
.46612
.465908
.465696
.465484
.465270
.465058
.464846
.464634
.46442
.464208
.463996
.463784
.463572
.463364
.463154
.462946
.462736
.462526
.462318
.462108
.46190
.461690
.46148
.461272
.461062
.460854
.460644
.460434
.460226
.46002
.459814
.459608
.459402
.459196
.458990
.458784
.458578
.458372
.458166
.45796
.457754
.457548
.457342
.457136
.456930
.456728
.456528
.456328
.456128
.455928
.455728
.455528
.455328
.455128
.454928
.454728
.454528
.454328
.454130
.453930
.453730
.453530
.453332
.453134
.452938
.45274
.452544
.452346
.452148
.451952
.451754
.451558
.45136
.451164
.450966
.450770
.450572
.450376
.450178
.449982
.449788
.449594
.4494
.449206
.449012
.448818
.448622
.448428
.448234
.44804
.447846
.447652
.447458
.447264
.447068
.446874
.44668
.446492
.446302
.446114
.445924
.445736
.445548
.445358
.445170
.44498
.444792
.444602
.444414
.444226
.444036
.443848
.443658
.443470
.44328
.443094
.442908
.442722
.442536
.442350
.442164
.441978
.441790
.441604
.441418
.441232
.441046
.44086
.440674
.440486
.44030
.440114
.439928
.439744
.43956
.439376
.439192
.439008
.438824
.438642
.438458
.438274
.438090
.437906
.437722
.437538
.437354
.437172
.436988
.436804
.43662
.436438
.436258
.43608
.43590
.435722
.435542
.435364
.435186
.435006
.434828
.434648
.434470
.434290
.434112
.433932
.433754
.433574
.433396
.433216
.433042
.43288
.432716
.432554
.432392
.432228
.432066
.431904
.43174
.431578
.431416
.431252
.431090
