50413.5
40406.3
32998.6
27382.6
23054.1
19630.1
16798.4
14508.9
12639.5
11079.8
9789.46
8677.98
7729.37
6923.27
6235.03
5634.86
18378.1
23159.4
21183.1
22236.3
20513.7
18888
17422.6
16119.9
14944.7
13890.9
12928
12064.2
11273.1
10561.1
9898.31
9288.77
8731.33
8213.05
7740.65
7305.28
6899.52
6520.73
6178.25
5858.92
5559.31
5278.74
5014.64
4768.54
4538.99
4326.15
4124.68
3935.55
3760.75
3595.41
3438.8
3292.07
3152.16
3019.41
2895
2777.76
2667.36
2562.51
2462.38
2368.99
2280.01
2195.09
2114.16
2038.33
1965.76
1896.15
1830.81
1768.7
1708.7
1651.84
1596.79
1544.85
1494.6
1446.35
1399.42
1356.05
1313.66
1273.02
1234.56
1197.12
1162.08
1127.72
1095.35
1063.86
1033.44
1004.45
976.26
949.645
923.421
898.928
874.585
852.176
829.767
807.19
784.95
765.742
746.535
728.242
709.949
692.753
675.68
659.021
642.466
627.11
612.268
598.124
584.679
571.251
557.893
544.535
532.93
521.326
509.803
498.334
487.294
477.255
467.215
457.29
447.393
437.848
428.834
419.819
411.515
403.29
395.191
387.385
379.579
372.241
365.103
357.965
351.183
344.401
337.795
331.598
325.402
319.353
313.454
307.555
301.967
296.513
291.059
285.948
280.76
275.571
270.769
266.01
261.251
256.834
252.456
248.077
243.897
239.766
235.636
231.65
227.725
223.801
220.136
216.644
213.152
209.718
206.419
203.121
199.823
196.719
193.614
190.51
187.632
184.852
182.071
179.32
176.686
174.052
171.418
168.899
166.429
163.96
161.541
159.326
157.111
154.896
152.75
150.674
148.597
146.521
144.541
142.586
140.631
138.695
136.94
135.184
133.429
810.97
809.821
808.672
807.523
805.902
803.181
800.46
797.739
794.663
790.759
786.855
782.951
778.822
773.791
768.76
763.73
758.699
752.754
746.809
740.864
734.919
728.488
721.937
715.386
708.834
702.066
695.082
688.097
681.112
674.115
667.001
659.887
652.773
645.659
638.479
631.256
624.032
616.808
609.585
602.446
595.308
588.17
581.032
573.947
566.984
560.021
553.058
546.096
539.199
532.37
525.541
518.711
511.882
505.387
499.036
492.685
486.333
479.982
473.801
467.693
461.585
455.477
449.369
443.641
438.076
432.51
426.945
421.38
415.968
410.711
405.454
400.196
394.939
389.839
385.109
380.378
375.647
370.916
366.185
361.764
357.377
352.99
348.603
344.217
340.068
336.158
332.248
328.338
324.427
320.517
316.972
313.468
309.963
306.459
302.954
299.504
296.272
293.041
289.809
286.577
283.504
280.567
277.768
274.968
272.168
269.368
266.569
263.951
261.454
258.957
256.46
253.963
251.466
249.141
246.931
244.721
242.511
240.301
238.091
235.956
233.932
231.908
229.884
227.86
225.836
223.854
222.044
220.233
218.422
216.611
214.801
212.99
211.304
209.649
207.994
206.34
204.685
203.03
201.418
199.904
198.391
196.878
195.364
193.851
192.338
190.915
189.531
188.147
186.763
185.379
183.994
182.61
181.311
180.021
178.731
177.441
176.151
174.861
173.583
172.411
171.239
170.066
168.894
167.722
166.55
165.377
164.268
163.159
162.05
160.941
159.831
158.722
157.613
156.579
155.552
154.526
153.5
152.474
151.448
150.422
149.438
148.481
147.525
146.569
145.613
144.657
143.701
142.748
141.826
140.904
139.982
139.06
138.138
137.216
136.294
135.408
134.545
133.682
132.819
131.956
131.116
130.275
129.435
128.619
127.808
126.998
126.187
125.377
124.566
123.756
122.946
122.173
121.405
120.636
119.868
119.1
118.331
117.563
116.795
116.065
115.338
114.612
113.886
113.16
112.434
111.708
110.982
110.289
109.61
108.931
108.252
107.573
106.894
106.216
105.537
104.876
104.244
103.611
102.978
102.345
101.712
101.08
100.447
99.8139
99.2049
98.6019
97.9989
97.3958
96.7928
96.1898
95.5867
94.9837
94.3905
93.8366
93.2827
92.7287
92.1748
91.6209
91.0669
90.513
89.9591
89.4156
88.8962
88.3769
87.8576
87.3383
86.819
86.2997
85.7803
85.261
84.7514
84.2642
83.7771
83.2899
82.8028
82.3156
81.8285
81.3413
80.8542
80.3715
79.9287
79.486
79.0433
78.6006
78.1578
77.7151
77.2724
76.8296
76.3869
75.96
75.5398
75.1196
74.6995
74.2793
73.8591
73.439
73.0188
72.5986
72.1798
71.7723
71.3926
71.013
70.6333
70.2536
69.8739
69.4942
69.1145
68.7348
68.3636
68.0051
67.6465
67.288
66.9294
66.5709
66.2124
65.8538
65.4953
65.1367
64.7887
64.4566
64.1244
63.7922
63.4601
63.1279
62.7957
62.4636
62.1314
61.7992
61.4749
61.1689
60.863
60.557
60.251
59.9451
59.6391
59.3331
59.0272
58.7212
58.4152
58.1262
57.839
57.5518
57.2646
56.9774
56.6902
56.403
56.1158
55.8286
55.5414
55.2625
54.9963
54.73
54.4637
54.1974
53.9312
53.6649
53.3986
53.1324
52.8661
52.5998
52.348
52.1024
51.8568
51.6111
51.3655
51.1199
50.8742
50.6286
50.383
50.1374
49.8918
49.658
49.4293
49.2007
48.972
48.7434
48.5147
48.286
48.0574
47.8287
47.6001
47.3714
47.1506
46.9378
46.7249
46.5121
46.2992
46.0863
45.8735
45.6606
45.4478
45.2349
45.0221
44.8101
44.6065
44.4029
44.1993
43.9956
43.792
43.5884
43.3952
43.2019
43.0087
42.8154
42.6222
42.4331
42.248
42.063
41.878
41.693
41.508
41.3229
41.1379
40.9529
40.7679
40.5828
40.3978
40.2223
40.0509
39.8794
39.708
39.5366
39.3651
39.1937
39.0222
38.8508
38.6794
38.5079
38.3365
38.172
38.0122
37.8524
37.6926
37.5328
37.373
37.2132
37.0534
36.8936
36.7338
36.574
36.4142
36.2576
36.1086
35.9595
35.8105
35.6614
35.5124
35.3633
35.2143
35.0652
34.9162
34.7671
34.6181
34.469
34.3292
34.1916
34.054
33.9165
33.7789
33.6414
33.5038
33.3663
33.2287
33.0912
32.9536
32.8161
32.6785
32.5504
32.4224
32.2943
32.1663
32.0382
31.9102
31.7821
31.6541
31.526
31.398
31.2699
31.1419
31.0138
30.8936
30.7742
30.6548
30.5354
30.416
30.2967
30.1773
30.0579
29.9385
29.8191
29.6997
29.5803
29.461
29.3466
29.2356
29.1247
29.0137
28.9027
28.7917
28.6808
28.5698
28.4588
28.3478
28.2369
28.1259
28.0149
27.9047
27.8012
27.6978
27.5943
27.4908
27.3874
27.2839
27.1804
27.077
26.9735
26.8701
26.7666
26.6631
26.5597
26.4585
26.3627
26.2669
26.1711
26.0753
25.9795
25.8836
25.7878
25.692
25.5962
25.5004
25.4046
25.3088
25.213
25.1186
25.0301
24.9417
24.8532
24.7647
24.6762
24.5877
24.4993
24.4108
24.3223
24.2338
24.1454
24.0569
23.9684
23.8799
23.7959
23.713
23.6301
23.5473
23.4644
23.3815
23.2986
23.2157
23.1329
23.05
22.9671
22.8842
22.8013
22.7184
22.6369
22.5605
22.4841
22.4076
22.3312
22.2548
22.1784
22.102
22.0256
21.9492
21.8728
21.7964
21.72
21.6436
21.5672
21.4918
21.4202
21.3486
21.2769
21.2053
21.1337
21.0621
20.9905
20.9189
20.8473
20.7757
20.7041
20.6325
20.5609
20.4893
20.4177
20.3504
20.2832
20.216
20.1488
20.0815
20.0143
19.9489
19.8836
19.8182
19.7528
19.6874
19.6221
19.5567
19.4913
19.4259
19.3627
19.3014
19.2402
19.179
19.1178
19.0566
18.9954
18.9342
18.873
18.8118
18.7506
18.6894
18.6282
18.567
18.5058
18.4446
18.3857
18.3284
18.2712
18.2139
18.1567
18.0994
18.0421
17.9849
17.9276
17.8703
17.8131
17.7558
17.6985
17.6413
17.584
17.5267
17.4717
17.4189
17.3662
17.3134
17.2606
17.2079
17.1551
17.1023
17.0495
16.9968
16.944
16.8912
16.8385
16.7857
16.7329
16.6801
16.6274
16.5779
16.5284
16.479
16.4295
16.3801
16.3306
16.2812
16.2317
16.1823
16.1328
16.0833
16.0339
15.9844
15.935
15.8855
15.8361
15.7877
15.7421
15.6964
15.6507
15.605
15.5593
15.5137
15.468
15.4223
15.3766
15.3309
15.2853
15.2396
15.1939
15.1482
15.1026
15.0569
15.0118
14.9694
14.927
14.8845
14.8421
14.7996
14.7572
14.7148
14.6723
14.6299
14.5874
14.545
14.5026
14.4601
14.4177
14.3752
14.3328
14.2904
14.2502
14.211
14.1718
14.1326
14.0934
14.0542
14.015
13.9757
13.9365
13.8973
13.8581
13.8189
13.7797
13.7405
13.7013
13.6621
13.6229
13.5837
13.5466
13.5099
13.4731
13.4363
13.3995
13.3627
13.3259
13.2891
13.2523
13.2156
13.1788
13.142
13.1052
13.0684
13.0316
12.9948
12.958
12.9213
12.8868
12.8528
12.8189
12.785
12.7511
12.7172
12.6833
12.6494
12.6154
12.5815
12.5476
12.5137
12.4798
12.4459
12.4119
12.378
12.3441
12.3102
12.2769
12.2453
12.2136
12.1819
12.1503
12.1186
12.0869
12.0552
12.0236
11.9919
11.9602
11.9286
11.8969
11.8652
11.8335
11.8019
11.7702
11.7385
11.7069
11.6764
11.6471
11.6178
11.5886
11.5593
11.53
11.5008
11.4715
11.4422
11.413
11.3837
11.3544
11.3252
11.2959
11.2666
11.2373
11.2081
11.1788
11.1532
11.1276
11.0996
11.0717
11.0437
11.0157
10.9877
10.9598
10.9318
10.9038
10.8759
10.8479
10.8199
10.792
10.764
10.736
10.7081
10.6801
10.6521
10.6242
10.5962
10.5709
10.5456
10.5203
10.495
10.4697
10.4444
10.4192
10.3939
10.3686
10.3433
10.318
10.2927
10.2674
10.2421
10.2168
10.1915
10.1663
10.141
10.1157
10.0904
10.0675
10.0447
10.0218
9.99892
9.97605
9.95319
9.93032
9.90745
9.88459
9.86172
9.83885
9.81599
9.79312
9.77026
9.74739
9.72452
9.70166
9.67879
9.65593
9.63306
9.61019
9.58746
9.56473
9.54201
9.51928
9.49655
9.47382
9.45109
9.42836
9.40563
9.3829
9.36017
9.33745
9.31471
9.29199
9.26926
9.24653
9.2238
9.20107
9.17834
9.15561
9.13612
9.11662
9.09712
9.07762
9.05812
9.03862
9.01912
8.99962
8.98013
8.96063
8.94113
8.92163
8.90213
8.88263
8.86313
8.84363
8.82414
8.80464
8.78514
8.76564
8.74614
8.72664
8.70744
8.68823
8.66902
8.64981
8.63061
8.6114
8.59219
8.57298
8.55377
8.53457
8.51536
8.49615
8.47694
8.45774
8.43853
8.41932
8.40012
8.38091
8.3617
8.34249
8.32329
8.30582
8.28836
8.2709
8.25344
8.23598
8.21852
8.20105
8.18359
8.16613
8.14867
8.13121
8.11375
8.09629
8.07883
8.06136
8.0439
8.02644
8.00898
7.99152
7.97406
7.95659
7.93913
7.92327
7.9074
7.89153
7.87566
7.8598
7.84393
7.82806
7.8122
7.79633
7.78046
7.76459
7.74873
7.73286
7.71699
7.70113
7.68526
7.66939
7.65352
7.63766
7.62179
7.60592
7.59005
7.57419
7.55847
7.54276
7.52704
7.51133
7.49561
7.4799
7.46418
7.44847
7.43275
7.41704
7.40132
7.3856
7.36989
7.35418
7.33846
7.32274
7.30703
7.29131
7.2756
7.25988
7.24417
7.22845
7.21485
7.20124
7.18764
7.17403
7.16043
7.14682
7.13321
7.11961
7.106
7.0924
7.07879
7.06519
7.05158
7.03798
7.02437
7.01077
6.99716
6.98355
6.96995
6.95635
6.94274
6.92913
6.91553
6.90192
6.88912
6.87632
6.86351
6.8507
6.8379
6.82509
6.81229
6.79948
6.78668
6.77387
6.76107
6.74826
6.73546
6.72265
6.70985
6.69704
6.68424
6.67143
6.65863
6.64582
6.63302
6.62021
6.60741
6.5946
6.58225
6.5699
6.55755
6.5452
6.53285
6.52049
6.50814
6.49579
6.48344
6.47109
6.45873
6.44638
6.43403
6.42168
6.40933
6.39698
6.38463
6.37227
6.35992
6.34757
6.33522
6.32287
6.31052
6.29817
6.28661
6.27506
6.26351
6.25196
6.24041
6.22886
6.21731
6.20576
6.1942
6.18265
6.1711
6.15955
6.148
6.13645
6.1249
6.11335
6.10179
6.09024
6.07869
6.06714
6.05559
6.04404
6.03249
6.02094
6.01081
6.00069
5.99057
5.98045
5.97033
5.96021
5.95009
5.93997
5.92985
5.91973
5.90961
5.89949
5.88936
5.87924
5.86912
5.859
5.84888
5.83876
5.82864
5.81852
5.8084
5.79828
5.78816
5.77803
5.76791
5.75779
5.74783
5.73787
5.72791
5.71794
5.70798
5.69802
5.68806
5.67809
5.66813
5.65817
5.64821
5.63824
5.62828
5.61832
5.60836
5.59839
5.58843
5.57847
5.56851
5.55855
5.54858
5.53862
5.52866
5.5187
5.50873
5.49998
5.49123
5.48248
5.47373
5.46498
5.45623
5.44748
5.43873
5.42998
5.42123
5.41248
5.40373
5.39498
5.38623
5.37748
5.36873
5.35998
5.35123
5.34248
5.33373
5.32498
5.31623
5.30748
5.29873
5.28998
5.28123
5.27248
5.26389
5.25529
5.2467
5.2381
5.22951
5.22092
5.21232
5.20373
5.19513
5.18654
5.17794
5.16935
5.16076
5.15216
5.14357
5.13497
5.12638
5.11779
5.10919
5.1006
5.092
5.08341
5.07482
5.06622
5.05763
5.04903
5.04118
5.03333
5.02549
5.01764
5.00979
5.00194
4.99409
4.98624
4.97839
4.97054
4.96269
4.95484
4.947
4.93915
4.9313
4.92345
4.9156
4.90775
4.8999
4.89205
4.8842
4.87635
4.86851
4.86066
4.85281
4.84496
4.83711
4.82995
4.82279
4.81564
4.80848
4.80132
4.79417
4.78701
4.77985
4.7727
4.76554
4.75838
4.75122
4.74407
4.73691
4.72975
4.7226
4.71544
4.70828
4.70112
4.69397
4.68681
4.67965
4.6725
4.66534
4.65818
4.65102
4.64387
4.63671
4.62992
4.62313
4.61634
4.60954
4.60275
4.59596
4.58917
4.58238
4.57559
4.5688
4.56201
4.55521
4.54842
4.54163
4.53484
4.52805
4.52126
4.51447
4.50768
4.50088
4.49409
4.4873
4.48051
4.47372
4.46693
4.46014
4.45335
4.44655
4.44038
4.43421
4.42804
4.42187
4.41569
4.40952
4.40335
4.39718
4.39101
4.38483
4.37866
4.37249
4.36632
4.36015
4.35397
4.3478
4.34163
4.33546
4.32929
4.32311
4.31694
4.31077
4.3046
4.29843
4.29225
4.28569
4.27913
4.27257
4.266
4.26031
4.25461
4.24891
4.24321
4.23751
4.23181
4.22612
4.22042
4.21472
4.20902
4.20332
4.19762
4.19193
4.18623
4.18053
4.17483
4.16913
4.16343
4.15774
4.15204
4.14634
4.14064
4.13494
4.12925
4.12355
4.11785
4.11215
4.10645
4.10075
4.09506
4.08966
4.08426
4.07886
4.07346
4.06806
4.06266
4.05726
4.05186
4.04646
4.04106
4.03566
4.03026
4.02486
4.01946
4.01406
4.00866
4.00327
3.99787
3.99247
3.98707
3.98167
3.97627
3.97087
3.96547
3.96007
3.95467
3.94927
3.94387
3.93847
3.93307
3.92795
3.92283
3.91771
3.91258
3.90746
3.90234
3.89722
3.8921
3.88697
3.88185
3.87673
3.87161
3.86649
3.86136
3.85624
3.85112
3.846
3.84088
3.83575
3.83063
3.82551
3.82039
3.81527
3.81014
3.80502
3.7999
3.79478
3.78966
3.78453
3.77941
3.77472
3.77004
3.76535
3.76066
3.75597
3.75128
3.74659
3.74191
3.73722
3.73253
3.72784
3.72315
3.71846
3.71378
3.70909
3.7044
3.69971
3.69502
3.69033
3.68565
3.68096
3.67627
3.67158
3.66689
3.6622
3.65752
3.65283
3.64814
3.64345
3.63876
3.63407
3.62975
3.62543
3.62111
3.61679
3.61247
3.60814
3.60382
3.5995
3.59518
3.59086
3.58654
3.58221
3.57789
3.57357
3.56925
3.56493
3.56061
3.55628
3.55196
3.54764
3.54332
3.539
3.53468
3.53035
3.52603
3.52171
3.51739
3.51307
3.50874
3.50442
3.5001
3.49578
3.4918
3.48782
3.48385
3.47987
3.47589
3.47192
3.46794
3.46396
3.45998
3.45601
3.45203
3.44805
3.44407
3.4401
3.43612
3.43214
3.42816
3.42419
3.42021
3.41623
3.41226
3.40828
3.4043
3.40032
3.39635
3.39237
3.38839
3.38441
3.38044
3.37646
3.37248
3.36851
3.36453
3.36076
3.357
3.35324
3.34947
3.34571
3.34194
3.33818
3.33442
3.33065
3.32689
3.32312
3.31936
3.3156
3.31183
3.30807
3.30431
3.30054
3.29678
3.29301
3.28925
3.28549
3.28172
3.27796
3.27419
3.27043
3.26667
3.2629
3.25914
3.25537
3.25161
3.24785
3.24408
3.24032
3.23675
3.23318
3.22961
3.22604
3.22247
3.2189
3.21533
3.21176
3.20819
3.20462
3.20105
3.19748
3.19391
3.19034
3.18677
3.1832
3.17963
3.17606
3.17249
3.16892
3.16535
3.16178
3.15821
3.15464
3.15107
3.1475
3.14393
3.14036
3.13679
3.13322
3.12965
3.12608
3.12251
3.11931
3.11611
3.11291
3.10971
3.10651
3.1033
3.1001
3.0969
3.0937
3.0905
3.0873
3.0841
3.0809
3.07769
3.07449
3.07129
3.06809
3.06489
3.06169
3.05849
3.05529
3.05208
3.04888
3.04568
3.04248
3.03928
3.03608
3.03288
3.02968
3.02647
3.02327
3.02007
3.01687
3.01367
3.01047
3.00743
3.0044
3.00136
2.99832
2.99528
2.99225
2.98921
2.98618
2.98314
2.9801
2.97707
2.97403
2.97099
2.96796
2.96492
2.96188
2.95885
2.95581
2.95277
2.94974
2.9467
2.94366
2.94063
2.93759
2.93455
2.93152
2.92848
2.92544
2.92241
2.91937
2.91633
2.9133
2.91026
2.90722
2.90419
2.90131
2.89844
2.89557
2.8927
2.88983
2.88695
2.88408
2.88121
2.87834
2.87547
2.87259
2.86972
2.86685
2.86398
2.86111
2.85823
2.85536
2.85249
2.84962
2.84675
2.84387
2.841
2.83813
2.83526
2.83239
2.82951
2.82664
2.82377
2.8209
2.81803
2.81515
2.81228
2.80941
2.80654
2.80367
2.80107
2.79848
2.79588
2.79328
2.79069
2.78809
2.7855
2.7829
2.78031
2.77771
2.77511
2.77252
2.76992
2.76733
2.76473
2.76214
2.75954
2.75695
2.75435
2.75175
2.74916
2.74656
2.74397
2.74137
2.73878
2.73618
2.73358
2.73099
2.72839
2.7258
2.7232
2.72061
2.71801
2.71542
2.71282
2.71022
2.70763
2.70517
2.70271
2.70026
2.6978
2.69534
2.69289
2.69043
2.68797
2.68551
2.68306
2.6806
2.67814
2.67569
2.67323
2.67077
2.66831
2.66586
2.6634
2.66094
2.65848
2.65603
2.65357
2.65111
2.64866
2.6462
2.64374
2.64128
2.63883
2.63637
2.63391
2.63146
2.629
2.62654
2.62408
2.62163
2.61917
2.61671
2.61444
2.61216
2.60989
2.60761
2.60534
2.60307
2.60079
2.59852
2.59624
2.59397
2.59169
2.58942
2.58714
2.58487
2.58259
2.58032
2.57804
2.57577
2.5735
2.57122
2.56895
2.56667
2.5644
2.56212
2.55985
2.55757
2.5553
2.55302
2.55075
2.54848
2.5462
2.54393
2.54165
2.53938
2.5371
2.53483
2.53255
2.53028
2.5281
2.52592
2.52373
2.52155
2.51937
2.51719
2.51501
2.51283
2.51064
2.50846
2.50628
2.5041
2.50192
2.49974
2.49755
2.49537
2.49319
2.49101
2.48883
2.48665
2.48446
2.48228
2.4801
2.47792
2.47574
2.47356
2.47138
2.46928
2.46718
2.46509
2.46299
2.4609
2.4588
2.45671
2.45461
2.45252
2.45042
2.44833
2.44637
2.44442
2.44247
2.44052
2.43856
2.43661
2.43466
2.4327
2.43075
2.4288
2.42685
2.42489
2.42294
2.42099
2.41903
2.41708
2.41513
2.41318
2.41122
2.40927
2.40732
2.40537
2.40341
2.40146
2.39951
2.39755
2.3956
2.39365
2.3917
2.38974
2.38779
2.38584
2.38389
2.38193
2.37998
2.37803
2.37607
2.37412
2.37217
2.37022
2.36836
2.3665
2.36465
2.36279
2.36093
2.35908
2.35722
2.35536
2.3535
2.35165
2.34979
2.34793
2.34608
2.34422
2.34236
2.34051
2.33865
2.33679
2.33494
2.33308
2.33122
2.32937
2.32751
2.32565
2.3238
2.32194
2.32008
2.31823
2.31637
2.31451
2.31266
2.3108
2.30894
2.30709
2.30523
2.30337
2.30152
2.29966
2.2978
2.29595
2.29421
2.29248
2.29075
2.28901
2.28728
2.28555
2.28381
2.28208
2.28035
2.27861
2.27688
2.27515
2.27341
2.27168
2.26995
2.26821
2.26648
2.26475
2.26301
2.26128
2.25955
2.25781
2.25608
2.25435
2.25261
2.25088
2.24915
2.24741
2.24568
2.24395
2.24221
2.24048
2.23874
2.23701
2.23528
2.23354
2.23181
2.23008
2.22834
2.22661
2.22488
2.22325
2.22163
2.22001
2.21838
2.21676
2.21513
2.21351
2.21189
2.21026
2.20864
2.20701
2.20539
2.20377
2.20214
2.20052
2.19889
2.19727
2.19564
2.19402
2.1924
2.19077
2.18915
2.18752
2.1859
2.18428
2.18265
2.18103
2.1794
2.17778
2.17616
2.17453
2.17291
2.17128
2.16966
2.16804
2.16641
2.16479
2.16316
2.16154
2.15992
2.15829
2.1568
2.15531
2.15383
2.15234
2.15085
2.14936
2.14787
2.14638
2.14489
2.1434
2.14191
2.14042
2.13894
2.13745
2.13596
2.13447
2.13298
2.13149
2.13
2.12851
2.12702
2.12553
2.12405
2.12256
2.12107
2.11958
2.11809
2.1166
2.11511
2.11362
2.11213
2.11065
2.10916
2.10767
2.10618
2.10469
2.1032
2.10171
2.10022
2.09873
2.09724
2.09576
2.09427
2.09285
2.09144
2.09002
2.08861
2.08719
2.08578
2.08436
2.08295
2.08154
2.08012
2.07871
2.07729
2.07588
2.07446
2.07305
2.07163
2.07022
2.06881
2.06739
2.06598
2.06456
2.06315
2.06173
2.06032
2.0589
2.05749
2.05607
2.05466
2.05325
2.05183
2.05042
2.049
2.04759
2.04617
2.04476
2.04334
2.04193
2.04051
2.0391
2.03769
2.03627
2.03486
2.03344
2.03212
2.03079
2.02947
2.02815
2.02682
2.0255
2.02417
2.02285
2.02153
2.0202
2.01888
2.01755
2.01623
2.0149
2.01358
2.01226
2.01093
2.00961
2.00828
2.00696
2.00564
2.00431
2.00299
2.00166
2.00034
1.99901
1.99769
1.99637
1.99504
1.99372
1.99239
1.99107
1.98975
1.98842
1.9871
1.98577
1.98445
1.98312
1.9818
1.98048
1.97915
1.97783
1.9765
1.97518
1.97396
1.97273
1.97151
1.97029
1.96906
1.96784
1.96661
1.96539
1.96417
1.96294
1.96172
1.9605
1.95927
1.95805
1.95683
1.9556
1.95438
1.95315
1.95193
1.95071
1.94948
1.94826
1.94704
1.94581
1.94459
1.94337
1.94214
1.94092
1.9397
1.93847
1.93725
1.93602
1.9348
1.93358
1.93235
1.93113
1.92991
1.92868
1.92746
1.92624
1.92501
1.92379
1.92256
1.92134
1.92012
1.91898
1.91784
1.91669
1.91555
1.91441
1.91327
1.91213
1.91099
1.90985
1.9087
1.90756
1.90642
1.90528
1.90414
1.903
1.90186
1.90072
1.89957
1.89843
1.89729
1.89615
1.89501
1.89387
1.89273
1.89158
1.89044
1.8893
1.88816
1.88702
1.88588
1.88474
1.8836
1.88245
1.88131
1.88017
1.87903
1.87789
1.87675
1.87561
1.87446
1.87332
1.87218
1.87104
1.8699
1.86876
1.86762
1.86655
1.86549
1.86443
1.86337
1.8623
1.86124
1.86018
1.85912
1.85805
1.85699
1.85593
1.85487
1.8538
1.85274
1.85168
1.85062
1.84955
1.84849
1.84743
1.84637
1.8453
1.84424
1.84318
1.84212
1.84105
1.83999
1.83893
1.83787
1.8368
1.83574
1.83468
1.83362
1.83255
1.83149
1.83043
1.82937
1.8283
1.82724
1.82618
1.82512
1.82405
1.82299
1.82193
1.82087
1.8198
1.81874
1.81768
1.81668
1.81568
1.81468
1.81368
1.81268
1.81167
1.81067
1.80967
1.80867
1.80767
1.80667
1.80567
1.80467
1.80367
1.80267
1.80167
1.80067
1.79967
1.79867
1.79767
1.79667
1.79567
1.79467
1.79367
1.79267
1.79167
1.79067
1.78967
1.78867
1.78767
1.78667
1.78566
1.78466
1.78366
1.78266
1.78166
1.78066
1.77966
1.77866
1.77766
1.77666
1.77566
1.77466
1.77366
1.77266
1.77166
1.77066
1.76966
1.76871
1.76776
1.76682
1.76587
1.76492
1.76398
1.76303
1.76208
1.76114
1.76019
1.75924
1.75829
1.75735
1.7564
1.75545
1.75451
1.75356
1.75261
1.75166
1.75072
1.74977
1.74882
1.74788
1.74693
1.74598
1.74504
1.74409
1.74314
1.74219
1.74125
1.7403
1.73935
1.73841
1.73746
1.73651
1.73556
1.73462
1.73367
1.73272
1.73178
1.73083
1.72988
1.72894
1.72799
1.72704
1.72609
1.72515
1.7242
1.72333
1.72246
1.72159
1.72072
1.71985
1.71898
1.71811
1.71723
1.71636
1.71549
1.71462
1.71375
1.71288
1.71201
1.71114
1.71027
1.7094
1.70853
1.70766
1.70679
1.70591
1.70504
1.70417
1.7033
1.70243
1.70156
1.70069
1.69982
1.69895
1.69808
1.69721
1.69634
1.69547
1.6946
1.69372
1.69285
1.69198
1.69111
1.69024
1.68937
1.6885
1.68763
1.68676
1.68589
1.68502
1.68415
1.68328
1.6824
1.68153
1.68066
1.67985
1.67903
1.67822
1.6774
1.67658
1.67577
1.67495
1.67414
1.67332
1.6725
1.67169
1.67087
1.67006
1.66924
1.66842
1.66761
1.66679
1.66598
1.66516
1.66434
1.66353
1.66271
1.6619
1.66108
1.66026
1.65945
1.65863
1.65782
1.657
1.65618
1.65537
1.65455
1.65374
1.65292
1.6521
1.65129
1.65047
1.64965
1.64884
1.64802
1.64721
1.64639
1.64557
1.64476
1.64394
1.64313
1.64231
1.64149
1.64068
1.63986
1.63905
1.63828
1.63752
1.63675
1.63598
1.63522
1.63445
1.63369
1.63292
1.63215
1.63139
1.63062
1.62986
1.62909
1.62833
1.62756
1.62679
1.62603
1.62526
1.6245
1.62373
1.62297
1.6222
1.62143
1.62067
1.6199
1.61914
1.61837
1.6176
1.61684
1.61607
1.61531
1.61454
1.61378
1.61301
1.61224
1.61148
1.61071
1.60995
1.60918
1.60842
1.60765
1.60688
1.60612
1.60535
1.60459
1.60382
1.60305
1.60229
1.60152
1.60076
1.59999
1.59927
1.59854
1.59782
1.59709
1.59637
1.59564
1.59492
1.59419
1.59347
1.59274
1.59202
1.59129
1.59057
1.58984
1.58912
1.58839
1.58767
1.58694
1.58622
1.5855
1.58477
1.58405
1.58332
1.5826
1.58187
1.58115
1.58042
1.5797
1.57897
1.57825
1.57752
1.5768
1.57607
1.57535
1.57462
1.5739
1.57317
1.57245
1.57172
1.571
1.57027
1.56955
1.56882
1.5681
1.56737
1.56665
1.56593
1.5652
1.56448
1.56375
1.56303
1.5623
1.56158
1.5609
1.56022
1.55955
1.55887
1.55819
1.55752
1.55684
1.55616
1.55549
1.55481
1.55413
1.55346
1.55278
1.55211
1.55143
1.55075
1.55008
1.5494
1.54872
1.54805
1.54737
1.54669
1.54602
1.54534
1.54466
1.54399
1.54331
1.54263
1.54196
1.54128
1.5406
1.53993
1.53925
1.53858
1.5379
1.53722
1.53655
1.53587
1.53519
1.53452
1.53384
1.53316
1.53249
1.53181
1.53113
1.53046
1.52978
1.5291
1.52843
1.52775
1.52708
1.5264
1.52572
1.52509
1.52446
1.52384
1.52321
1.52258
1.52195
1.52132
1.52069
1.52006
1.51944
1.51881
1.51818
1.51755
1.51692
1.51629
1.51566
1.51504
1.51441
1.51378
1.51315
1.51252
1.51189
1.51126
1.51064
1.51001
1.50938
1.50875
1.50812
1.50749
1.50686
1.50624
1.50561
1.50498
1.50435
1.50372
1.50309
1.50246
1.50183
1.50121
1.50058
1.49995
1.49932
1.49869
1.49806
1.49743
1.49681
1.49618
1.49555
1.49492
1.49429
1.49366
1.49303
1.49241
1.49178
1.49115
1.49055
1.48996
1.48936
1.48877
1.48818
1.48758
1.48699
1.48639
1.4858
1.4852
1.48461
1.48401
1.48342
1.48283
1.48223
1.48164
1.48104
1.48045
1.47985
1.47926
1.47866
1.47807
1.47747
1.47688
1.47629
1.47569
1.4751
1.4745
1.47391
1.47331
1.47272
1.47212
1.47153
1.47093
1.47034
1.46975
1.46915
1.46856
1.46796
1.46737
1.46677
1.46618
1.46558
1.46499
1.4644
1.4638
1.46321
1.46261
1.46202
1.46142
1.46083
1.46023
1.45964
1.45904
1.45845
1.45786
1.45729
1.45673
1.45617
1.45561
1.45505
1.45449
1.45392
1.45336
1.4528
1.45224
1.45168
1.45112
1.45055
1.44999
1.44943
1.44887
1.44831
1.44775
1.44718
1.44662
1.44606
1.4455
1.44494
1.44438
1.44381
1.44325
1.44269
1.44213
1.44157
1.44101
1.44044
1.43988
1.43932
1.43876
1.4382
1.43764
1.43708
1.43651
1.43595
1.43539
1.43483
1.43427
1.43371
1.43314
1.43258
1.43202
1.43146
1.4309
1.43034
1.42977
1.42921
1.42865
1.42809
1.42753
1.42697
1.4264
1.42584
1.42532
1.4248
1.42429
1.42377
1.42325
1.42273
1.42221
1.42169
1.42117
1.42065
1.42013
1.41961
1.41909
1.41858
1.41806
1.41754
1.41702
1.4165
1.41598
1.41546
1.41494
1.41442
1.4139
1.41338
1.41286
1.41235
1.41183
1.41131
1.41079
1.41027
1.40975
1.40923
1.40871
1.40819
1.40767
1.40715
1.40664
1.40612
1.4056
1.40508
1.40456
1.40404
1.40353
1.40301
1.40249
1.40197
1.40145
1.40093
1.40042
1.3999
1.39938
1.39886
1.39834
1.39782
1.39731
1.39679
1.39627
1.39575
1.39526
1.39477
1.39429
1.3938
1.39331
1.39282
1.39233
1.39184
1.39136
1.39087
1.39038
1.38989
1.3894
1.38891
1.38843
1.38794
1.38745
1.38696
1.38647
1.38598
1.3855
1.38501
1.38452
1.38403
1.38354
1.38305
1.38257
1.38208
1.38159
1.3811
1.38061
1.38012
1.37964
1.37915
1.37866
1.37817
1.37768
1.37719
1.37671
1.37622
1.37573
1.37524
1.37475
1.37426
1.37378
1.37329
1.3728
1.37231
1.37182
1.37133
1.37085
1.37036
1.36987
1.36938
1.36889
1.3684
1.36792
1.36743
1.36694
1.36647
1.366
1.36553
1.36506
1.36459
1.36412
1.36365
1.36318
1.36271
1.36224
1.36177
1.36131
1.36084
1.36037
1.3599
1.35943
1.35896
1.35849
1.35802
1.35755
1.35708
1.35661
1.35614
1.35567
1.3552
1.35473
1.35426
1.35379
1.35332
1.35285
1.35238
1.35191
1.35145
1.35098
1.35051
1.35004
1.34957
1.3491
1.34863
1.34816
1.34769
1.34722
1.34675
1.34628
1.34581
1.34534
1.34487
1.3444
1.34393
1.34346
1.34299
1.34252
1.34206
1.34159
1.34112
1.34065
1.34018
1.33971
1.33924
1.33877
1.33833
1.33789
1.33745
1.33701
1.33656
1.33612
1.33568
1.33524
1.3348
1.33436
1.33392
1.33348
1.33304
1.3326
1.33216
1.33171
1.33127
1.33083
1.33039
1.32995
1.32951
1.32907
1.32863
1.32819
1.32775
1.32731
1.32687
1.32643
1.32598
1.32554
1.3251
1.32466
1.32422
1.32378
1.32334
1.3229
1.32246
1.32202
1.32158
1.32114
1.32069
1.32025
1.31981
1.31937
1.31893
1.31849
1.31805
1.31761
1.31717
1.31673
1.31629
1.31585
1.3154
1.31496
1.31452
1.31408
1.31364
1.3132
1.31276
1.31232
1.31188
1.31147
1.31106
1.31066
1.31025
1.30985
1.30944
1.30903
1.30863
1.30822
1.30781
1.30741
1.307
1.30659
1.30619
1.30578
1.30537
1.30497
1.30456
1.30415
1.30375
1.30334
1.30293
1.30253
1.30212
1.30172
1.30131
1.3009
1.3005
1.30009
1.29968
1.29928
1.29887
1.29846
1.29806
1.29765
1.29724
1.29684
1.29643
1.29602
1.29562
1.29521
1.2948
1.2944
1.29399
1.29358
1.29318
1.29277
1.29237
1.29196
1.29155
1.29115
1.29074
1.29033
1.28993
1.28952
1.28911
1.28871
1.2883
1.28789
1.28749
1.28708
1.28667
1.28627
1.28588
1.28549
1.2851
1.28471
1.28432
1.28393
1.28354
1.28315
1.28276
1.28237
1.28198
1.28159
1.2812
1.28081
1.28042
1.28003
1.27964
1.27924
1.27885
1.27846
1.27807
1.27768
1.27729
1.2769
1.27651
1.27612
1.27573
1.27534
1.27495
1.27456
1.27417
1.27378
1.27339
1.273
1.27261
1.27222
1.27183
1.27144
1.27105
1.27066
1.27027
1.26988
1.26949
1.2691
1.26871
1.26832
1.26793
1.26754
1.26715
1.26676
1.26637
1.26598
1.26559
1.2652
1.26481
1.26442
1.26403
1.26364
1.26325
1.26286
1.26247
1.26208
1.26169
1.2613
1.26093
1.26057
1.2602
1.25984
1.25948
1.25911
1.25875
1.25838
1.25802
1.25765
1.25729
1.25692
1.25656
1.2562
1.25583
1.25547
1.2551
1.25474
1.25437
1.25401
1.25364
1.25328
1.25292
1.25255
1.25219
1.25182
1.25146
1.25109
1.25073
1.25036
1.25
1.24964
1.24927
1.24891
1.24854
1.24818
1.24781
1.24745
1.24708
1.24672
1.24636
1.24599
1.24563
1.24526
1.2449
1.24453
1.24417
1.2438
1.24344
1.24308
1.24271
1.24235
1.24198
1.24162
1.24125
1.24089
1.24052
1.24016
1.2398
1.23943
1.23907
1.2387
1.23834
1.23797
1.23761
1.23727
1.23693
1.23659
1.23625
1.23591
1.23557
1.23523
1.23489
1.23455
1.23421
1.23387
1.23353
1.23319
1.23286
1.23252
1.23218
1.23184
1.2315
1.23116
1.23082
1.23048
1.23014
1.2298
1.22946
1.22912
1.22878
1.22844
1.2281
1.22776
1.22742
1.22708
1.22674
1.2264
1.22606
1.22572
1.22539
1.22505
1.22471
1.22437
1.22403
1.22369
1.22335
1.22301
1.22267
1.22233
1.22199
1.22165
1.22131
1.22097
1.22063
1.22029
1.21995
1.21961
1.21927
1.21893
1.21859
1.21826
1.21792
1.21758
1.21724
1.2169
1.21656
1.21622
1.21588
1.21554
1.2152
1.21487
1.21454
1.21421
1.21388
1.21355
1.21322
1.21289
1.21256
1.21223
1.2119
1.21157
1.21125
1.21092
1.21059
1.21026
1.20993
1.2096
1.20927
1.20894
1.20861
1.20828
1.20795
1.20762
1.20729
1.20696
1.20663
1.2063
1.20597
1.20564
1.20531
1.20498
1.20465
1.20432
1.204
1.20367
1.20334
1.20301
1.20268
1.20235
1.20202
1.20169
1.20136
1.20103
1.2007
1.20037
1.20004
1.19971
1.19938
1.19905
1.19872
1.19839
1.19806
1.19773
1.1974
1.19707
1.19675
1.19642
1.19609
1.19576
1.19543
1.1951
1.19477
1.19444
1.19411
1.19378
1.19345
1.19312
1.19279
1.19248
1.19218
1.19187
1.19157
1.19126
1.19095
1.19065
1.19034
1.19003
1.18973
1.18942
1.18912
1.18881
1.1885
1.1882
1.18789
1.18759
1.18728
1.18697
1.18667
1.18636
1.18605
1.18575
1.18544
1.18514
1.18483
1.18452
1.18422
1.18391
1.1836
1.1833
1.18299
1.18269
1.18238
1.18207
1.18177
1.18146
1.18115
1.18085
1.18054
1.18024
1.17993
1.17962
1.17932
1.17901
1.17871
1.1784
1.17809
1.17779
1.17748
1.17717
1.17687
1.17656
1.17626
1.17595
1.17564
1.17534
1.17503
1.17472
1.17442
1.17411
1.17381
1.1735
1.17319
1.17289
1.17258
1.17227
1.17197
1.17166
1.17137
1.17108
1.17078
1.17049
1.1702
1.16991
1.16961
1.16932
1.16903
1.16874
1.16844
1.16815
1.16786
1.16756
1.16727
1.16698
1.16669
1.16639
1.1661
1.16581
1.16552
1.16522
1.16493
1.16464
1.16435
1.16405
1.16376
1.16347
1.16317
1.16288
1.16259
1.1623
1.162
1.16171
1.16142
1.16113
1.16083
1.16054
1.16025
1.15996
1.15966
1.15937
1.15908
1.15878
1.15849
1.1582
1.15791
1.15761
1.15732
1.15703
1.15674
1.15644
1.15615
1.15586
1.15556
1.15527
1.15498
1.15469
1.15439
1.1541
1.15381
1.15352
1.15322
1.15293
1.15264
1.15235
1.15205
1.15176
1.15147
1.15117
1.15091
1.15064
1.15037
1.15011
1.14984
1.14957
1.14931
1.14904
1.14877
1.14851
1.14824
1.14797
1.14771
1.14744
1.14717
1.14691
1.14664
1.14637
1.14611
1.14584
1.14557
1.14531
1.14504
1.14477
1.14451
1.14424
1.14397
1.1437
1.14344
1.14317
1.1429
1.14264
1.14237
1.1421
1.14184
1.14157
1.1413
1.14104
1.14077
1.1405
1.14024
1.13997
1.1397
1.13944
1.13917
1.1389
1.13864
1.13837
1.1381
1.13784
1.13757
1.1373
1.13704
1.13677
1.1365
1.13623
1.13597
1.1357
1.13543
1.13517
1.1349
1.13463
1.13437
1.1341
1.13383
1.13357
1.1333
1.13303
1.13277
1.1325
1.13223
1.13197
1.1317
1.13144
1.13118
1.13091
1.13065
1.13039
1.13012
1.12986
1.1296
1.12934
1.12907
1.12881
1.12855
1.12828
1.12802
1.12776
1.12749
1.12723
1.12697
1.1267
1.12644
1.12618
1.12592
1.12565
1.12539
1.12513
1.12486
1.1246
1.12434
1.12407
1.12381
1.12355
1.12328
1.12302
1.12276
1.12249
1.12223
1.12197
1.12171
1.12144
1.12118
1.12092
1.12065
1.12039
1.12013
1.11986
1.1196
1.11934
1.11907
1.11881
1.11855
1.11828
1.11802
1.11776
1.1175
1.11723
1.11697
1.11671
1.11644
1.11618
1.11592
1.11565
1.11539
1.11513
1.11486
1.1146
1.11434
1.11407
1.11381
1.11355
1.11329
1.11302
1.11276
1.11251
1.11226
1.11201
1.11176
1.1115
1.11125
1.111
1.11075
1.1105
1.11025
1.11
1.10975
1.1095
1.10925
1.109
1.10874
1.10849
1.10824
1.10799
1.10774
1.10749
1.10724
1.10699
1.10674
1.10649
1.10624
1.10598
1.10573
1.10548
1.10523
1.10498
1.10473
1.10448
1.10423
1.10398
1.10373
1.10348
1.10322
1.10297
1.10272
1.10247
1.10222
1.10197
1.10172
1.10147
1.10122
1.10097
1.10072
1.10046
1.10021
1.09996
1.09971
1.09946
1.09921
1.09896
1.09871
1.09846
1.09821
1.09796
1.0977
1.09745
1.0972
1.09695
1.0967
1.09645
1.0962
1.09595
1.0957
1.09545
1.0952
1.09494
1.09469
1.09444
1.09419
1.09396
1.09374
1.09351
1.09328
1.09305
1.09283
1.0926
1.09237
1.09214
1.09192
1.09169
1.09146
1.09123
1.09101
1.09078
1.09055
1.09033
1.0901
1.08987
1.08964
1.08942
1.08919
1.08896
1.08873
1.08851
1.08828
1.08805
1.08782
1.0876
1.08737
1.08714
1.08691
1.08669
1.08646
1.08623
1.086
1.08578
1.08555
1.08532
1.08509
1.08487
1.08464
1.08441
1.08418
1.08396
1.08373
1.0835
1.08327
1.08305
1.08282
1.08259
1.08236
1.08214
1.08191
1.08168
1.08145
1.08123
1.081
1.08077
1.08054
1.08032
1.08009
1.07986
1.07963
1.07941
1.07918
1.07895
1.07872
1.0785
1.07827
1.07804
1.07781
1.07759
1.07736
1.07713
1.07691
1.07668
1.07645
1.07622
1.07599
1.07576
1.07553
1.0753
1.07507
1.07484
1.07461
1.07438
1.07415
1.07392
1.07369
1.07346
1.07323
1.073
1.07277
1.07254
1.07231
1.07208
1.07185
1.07162
1.07139
1.07116
1.07093
1.0707
1.07047
1.07024
1.07001
1.06978
1.06955
1.06932
1.06909
1.06886
1.06863
1.0684
1.06817
1.06794
1.06773
1.06751
1.0673
1.06709
1.06687
1.06666
1.06645
1.06623
1.06602
1.06581
