59375.1
49302.5
41565.9
35544.2
30746.1
26861.2
23452.4
20641.6
18304.8
16320.2
14651.6
13174.5
11898.7
10794.9
9843.16
16773.6
27718.9
26190.9
24816.2
23557.3
22398.2
23828.9
22043
20449.7
19008.1
17712.1
17527.4
16432.6
15424.7
15142.3
14263.9
13441.6
12682.3
11985
11336.3
10738.3
10181.7
9663.54
9187.36
8743.56
8326.42
7935.82
7566.46
7220.48
6896.5
6592.56
6305.8
6038.3
5789.23
5550.08
5324.54
5113.07
4910.73
4717.33
4536.85
4364.07
4201.7
4047.93
3901.3
3764.28
3632.67
3505.87
3383.94
3271.85
3163.58
3059.02
2960.3
2866.87
2776.54
2690.21
2606.94
2527.55
2451.01
2377.55
2306.14
2239.22
2173.95
2111.65
2052.18
1994.06
1939.67
1886.28
1835.83
1786.75
1739.34
1693.92
1649.63
1607.77
1566.53
1527.83
1489.35
1453.73
1418.11
1382.36
1347.13
1316.52
1285.91
1256.72
1227.53
1199.48
1171.55
1144.89
1118.54
1093.76
1069.67
1046.67
1024.77
1002.89
981.05
959.212
940.298
921.385
902.496
883.625
865.445
848.878
832.311
815.965
799.675
784.084
769.542
1822.63
1786.71
1751.53
1716.93
1683.67
1650.41
1619.05
1588.49
1557.93
1528.97
1500.01
1471.79
1445.28
1418.77
1392.92
1367.71
1342.51
1318.62
1295.31
1271.99
1250.49
1228.59
1666.94
1642.03
1617.29
1592.55
1569.08
1545.75
1754.94
1728.23
1701.29
1674.36
1648.4
1622.85
1597.31
1573.35
1550.46
1527.57
1505.01
1483.22
1461.43
1439.65
1418.86
1398.08
1377.3
1358.01
1339.36
1320.71
1302.25
1284.54
1266.84
1249.14
1231.97
1215.02
1198.08
1181.47
1166.25
1151.03
1135.8
1120.94
1106.43
1091.92
1077.42
1063.48
1049.69
1035.9
1022.24
1009.74
997.23
984.725
972.321
960.002
947.683
935.364
923.337
911.989
900.64
889.292
878.197
867.691
857.185
846.68
836.319
826.536
816.754
806.972
797.19
787.96
778.73
769.5
760.27
751.519
742.889
734.259
725.629
717.285
709.228
701.171
693.113
685.118
677.681
670.245
662.808
655.371
648.248
641.333
634.418
627.503
620.589
614.173
607.758
601.343
594.928
588.636
582.63
576.625
570.619
564.614
558.747
553.017
547.288
541.559
535.829
530.492
525.323
520.155
514.986
509.817
504.787
499.817
494.847
489.877
484.907
480.25
475.726
471.202
466.678
462.154
457.725
453.392
449.06
444.727
440.394
436.183
432.256
428.329
424.402
420.475
416.548
412.787
409.044
405.301
401.558
397.816
394.228
390.797
387.365
383.933
380.502
377.07
373.849
370.652
367.455
364.258
361.061
357.888
354.811
351.735
348.658
345.581
342.489
339.525
336.689
333.853
331.017
328.181
325.345
322.613
319.952
317.29
314.628
311.966
309.305
306.775
304.332
301.89
299.448
297.006
294.564
292.166
289.836
287.506
285.176
282.846
280.516
278.224
276.086
273.948
271.81
269.672
267.534
265.395
263.365
261.362
259.359
257.355
255.352
253.349
251.385
249.512
247.64
245.767
243.894
242.022
240.149
238.377
236.647
234.917
233.188
231.458
229.728
227.998
226.347
224.705
223.063
221.421
219.779
218.137
216.51
215.017
213.523
212.03
210.537
209.043
207.55
206.057
204.638
203.219
201.801
200.382
198.963
197.545
196.126
194.799
193.483
192.167
190.851
189.534
188.218
186.902
185.649
184.439
183.228
182.018
180.807
179.597
178.386
177.181
176.024
174.866
173.709
172.551
171.394
170.236
169.079
167.976
166.91
165.844
164.778
163.712
162.666
161.621
160.575
159.564
158.561
157.559
156.557
155.554
154.552
153.549
152.547
151.604
150.668
149.732
148.796
147.86
146.924
145.988
145.052
144.173
143.3
142.428
141.555
140.682
139.809
138.936
138.064
137.232
136.417
135.603
134.789
133.974
133.16
132.346
131.531
130.744
129.996
129.249
128.501
127.754
127.007
126.259
125.512
124.764
124.045
123.332
122.619
121.906
121.194
120.481
119.768
119.055
118.355
117.703
117.052
116.4
115.749
115.097
114.446
113.794
113.143
112.502
111.887
111.273
110.658
110.043
109.428
108.813
108.199
107.584
106.983
106.414
105.845
105.276
104.707
104.138
103.569
103
102.43
101.865
101.337
100.808
100.279
99.7506
99.2219
98.6931
98.1644
97.6357
97.107
96.6029
96.1093
95.6158
95.1222
94.6287
94.1351
93.6416
93.148
92.6545
92.1621
91.6801
91.2139
90.7478
90.2816
89.8154
89.3492
88.883
88.4169
87.9507
87.5
87.0726
86.6452
86.2178
85.7903
85.3629
84.9355
84.5081
84.0806
83.6532
83.2341
82.8273
82.4205
82.0137
81.6069
81.2001
80.7933
80.3866
79.9798
79.573
79.1764
78.8037
78.4309
78.0582
77.6854
77.3127
76.9399
76.5671
76.1944
75.8217
75.4489
75.0964
74.7461
74.3959
74.0456
73.6953
73.345
72.9948
72.6445
72.2943
71.944
71.6025
71.2743
70.9461
70.6178
70.2896
69.9613
69.6331
69.3049
68.9766
68.6484
68.3201
68.0108
67.7096
67.4084
67.1072
66.806
66.5048
66.2036
65.9023
65.6011
65.2999
64.9987
64.7116
64.4306
64.1495
63.8685
63.5874
63.3064
63.0254
62.7443
62.4633
62.1822
61.9012
61.6284
61.3639
61.0994
60.835
60.5705
60.306
60.0415
59.777
59.5125
59.248
58.9836
58.7205
58.4707
58.2208
57.971
57.7211
57.4712
57.2214
56.9804
56.7394
56.4985
56.2575
56.0165
55.7809
55.5507
55.3204
55.0902
54.8599
54.6297
54.3994
54.1692
53.9389
53.7087
53.4784
53.2482
53.0296
52.816
52.6024
52.3888
52.1753
51.9617
51.7481
51.5345
51.3209
51.1073
50.8937
50.6801
50.4751
50.2758
50.0764
49.8771
49.6777
49.4784
49.2791
49.0797
48.8804
48.681
48.4817
48.2824
48.0872
47.9016
47.7161
47.5305
47.345
47.1594
46.9739
46.7883
46.6028
46.4173
46.2317
46.0462
45.8606
45.6847
45.5113
45.3379
45.1645
44.991
44.8176
44.6442
44.4707
44.2973
44.1239
43.9504
43.777
43.6036
43.4442
43.2849
43.1255
42.9662
42.8068
42.6475
42.4882
42.3288
42.1695
42.0101
41.8508
41.6914
41.5321
41.3816
41.2322
41.0827
40.9332
40.7837
40.6343
40.4848
40.3353
40.1858
40.0364
39.8869
39.7374
39.5879
39.4442
39.3043
39.1644
39.0245
38.8846
38.7447
38.6048
38.4649
38.325
38.1851
38.0452
37.9053
37.7655
37.6263
37.4943
37.3622
37.2302
37.0981
36.9661
36.834
36.702
36.5699
36.4379
36.3058
36.1738
36.0417
35.9096
35.7813
35.6614
35.5416
35.4217
35.3019
35.182
35.0622
34.9423
34.8225
34.7027
34.5828
34.463
34.3431
34.2233
34.1048
33.9918
33.8789
33.7659
33.6529
33.5399
33.427
33.314
33.201
33.088
32.9751
32.8621
32.7491
32.6361
32.5232
32.4161
32.3106
32.2051
32.0995
31.994
31.8885
31.783
31.6774
31.5719
31.4664
31.3609
31.2553
31.1498
31.0443
30.9403
30.8427
30.7451
30.6474
30.5498
30.4522
30.3545
30.2569
30.1593
30.0616
29.964
29.8664
29.7687
29.6711
29.5735
29.477
29.3855
29.2939
29.2024
29.1108
29.0193
28.9277
28.8362
28.7446
28.6531
28.5615
28.47
28.3784
28.2869
28.1953
28.1038
28.0165
27.9293
27.842
27.7547
27.6675
27.5802
27.4958
27.4114
27.327
27.2426
27.1582
27.0738
26.9894
26.905
26.8206
26.7387
26.6593
26.5799
26.5005
26.4211
26.3417
26.2623
26.183
26.1036
26.0242
25.9448
25.8654
25.786
25.7066
25.6272
25.5478
25.4715
25.3972
25.3229
25.2486
25.1743
25.1
25.0257
24.9514
24.8771
24.8028
24.7285
24.6542
24.5799
24.5056
24.4314
24.3571
24.2854
24.2163
24.1472
24.0781
24.0091
23.94
23.8709
23.8018
23.7328
23.6637
23.5946
23.5255
23.4564
23.3874
23.3183
23.2492
23.1801
23.1154
23.0508
22.9861
22.9214
22.8567
22.7921
22.7274
22.6627
22.598
22.5333
22.4687
22.404
22.3393
22.2746
22.2099
22.1453
22.0814
22.0195
21.9576
21.8957
21.8338
21.772
87.3571
87.107
86.8569
86.6068
86.3566
86.1065
85.8564
85.6063
85.3562
85.1061
84.8559
84.6093
84.3764
84.1435
83.9106
83.6777
83.4449
83.212
82.9791
82.7462
82.5133
82.2805
82.0476
81.8147
81.5818
81.3489
81.1161
80.8832
80.6503
80.428
80.2102
79.9924
79.7746
79.5568
79.3391
79.1213
78.9035
78.6857
78.4679
78.2501
78.0323
77.8145
77.5968
77.379
77.1612
76.9434
76.7256
76.5193
76.3143
76.1093
75.9042
75.6992
75.4942
75.2892
75.0841
74.8791
74.6741
74.4691
74.264
74.059
73.854
73.649
73.4439
73.2389
73.0339
72.841
72.6512
72.4613
72.2715
72.0816
71.8918
71.7019
71.5121
71.3223
71.1324
70.9426
70.7527
70.5629
70.373
70.1832
69.9933
69.8035
69.6136
69.4279
69.2516
69.0754
68.8991
68.7229
68.5467
68.3704
68.1942
68.0179
67.8417
67.6655
67.4892
67.313
67.1367
66.9605
66.7843
66.608
66.4318
66.2555
66.0841
65.9175
65.7509
65.5843
65.4176
65.251
65.0844
64.9178
64.7512
64.5846
64.418
64.2514
64.0847
63.9181
63.7515
63.5849
63.4183
63.2517
63.1191
62.9866
62.8279
62.6692
62.5105
62.3518
62.1931
62.0345
61.8758
61.7171
61.5584
61.3997
61.241
61.0823
60.9236
60.7649
60.6062
60.4475
60.2889
60.1301
59.9715
59.829
59.6865
59.544
59.4016
59.2591
59.1166
58.9741
58.8317
58.6892
58.5467
58.4043
58.2618
58.1193
57.9768
57.8344
57.6919
57.5494
57.4069
57.2645
57.122
56.991
56.8601
56.7291
56.5982
56.4672
56.3363
56.2053
56.0743
55.9434
55.8124
55.6815
55.5505
55.4196
55.2886
55.1576
55.0267
54.8957
54.7648
54.6338
54.5029
54.3719
54.2427
54.1135
53.9843
53.855
53.7258
53.5966
53.4674
53.3382
53.2089
53.0797
52.9505
52.8213
52.692
52.5628
52.4336
52.3044
52.1752
52.0459
51.9167
51.7875
51.6761
51.5646
51.4532
51.3417
51.2303
51.1188
51.0074
50.8959
50.7845
50.673
50.5616
50.4501
50.3387
50.2272
50.1158
50.0043
49.8929
49.7814
49.67
49.5585
49.4471
49.3356
49.2236
49.1116
48.9996
48.8875
48.7755
48.6635
48.5515
48.4395
48.3274
48.2154
48.1034
47.9914
47.8793
47.7673
47.6553
47.5433
47.4313
47.3192
47.2072
47.0952
46.9832
46.8823
46.7814
46.6804
46.5795
46.4786
46.3777
46.2768
46.1759
46.075
45.9741
45.8732
45.7723
45.6714
45.5705
45.4696
45.3687
45.2678
45.1669
45.066
44.965
44.8641
44.7632
44.671
44.5788
44.4866
44.3944
44.3022
44.21
44.1178
44.0257
43.9335
43.8413
43.7491
43.6569
43.5647
43.4725
43.3803
43.2881
43.1959
43.1037
43.0115
42.9193
42.8271
42.7349
42.6427
42.5508
42.459
42.3671
42.2752
42.1833
42.0915
41.9996
41.9077
41.8159
41.724
41.6321
41.5402
41.4484
41.3565
41.2646
41.1728
41.0809
40.989
40.8972
40.8053
40.7134
40.6215
40.5415
40.4614
40.3813
40.3013
40.2212
40.1411
40.061
39.981
39.9009
39.8208
39.7408
39.6607
39.5806
39.5005
39.4205
39.3404
39.2603
39.1802
39.1002
39.0201
38.94
38.86
38.7799
38.6998
38.6239
38.548
38.472
38.3961
38.3202
38.2442
38.1683
38.0924
38.0164
37.9405
37.8646
37.7886
37.7127
37.6368
37.5609
37.4849
37.409
37.3331
37.2571
37.1812
37.1053
37.0293
36.9534
36.8775
36.8057
36.7339
36.6621
36.5903
36.5185
36.4467
36.375
36.3032
36.2314
36.1596
36.0878
36.016
35.9442
35.8724
35.8006
35.7288
35.6571
35.5853
35.5135
35.4417
35.3699
35.2981
35.2263
35.1545
35.0855
35.0165
34.9475
34.8784
34.8094
34.7404
34.6713
34.6023
34.5333
34.4643
34.3952
34.3262
34.2572
34.1882
34.1191
34.0501
33.9811
33.912
33.843
33.774
33.705
33.6359
33.5669
33.4979
33.437
33.376
33.3151
33.2542
33.1933
33.1324
33.0715
33.0106
32.9496
32.8887
32.8278
32.7669
32.706
32.6451
32.5842
32.5232
32.4623
32.4014
32.3405
32.2796
32.2187
32.1578
32.0968
32.0359
31.975
31.9141
31.8542
31.7943
31.7344
31.6745
31.6146
31.5547
31.4948
31.4349
31.3749
31.315
31.2551
31.1952
31.1353
31.0754
31.0155
30.9556
30.8957
30.8358
30.7759
30.716
30.6561
30.5962
30.5363
30.4764
30.4165
30.3636
30.3107
30.2578
30.2049
30.152
30.0991
30.0462
29.9933
29.9404
29.8876
29.8347
29.7818
29.7289
29.676
29.6231
29.5702
29.5173
29.4644
29.4115
29.3587
29.3058
29.2529
29.2
29.1471
29.0942
29.0413
28.9884
28.936
28.8837
28.8313
28.7789
28.7265
28.6742
28.6218
28.5694
28.517
28.4647
28.4123
28.3599
28.3075
28.2551
28.2028
28.1504
28.098
28.0456
27.9933
27.9409
27.8885
27.8361
27.7838
27.7314
27.679
27.6266
27.5786
27.5307
27.4827
27.4347
27.3867
27.3387
27.2908
27.2428
27.1948
27.1468
27.0988
27.0508
27.0029
26.9549
26.9069
26.8589
26.8109
26.763
26.715
26.667
26.619
26.571
26.523
26.4751
26.4271
26.3791
26.3311
26.2871
26.2431
26.1991
26.155
26.111
26.067
26.023
25.979
25.9349
25.8909
25.8469
25.8029
25.7589
25.7148
25.6708
25.6268
25.5828
25.5388
25.4947
25.4507
25.4067
25.3627
25.3187
25.2746
25.2306
25.1866
25.1426
25.0986
25.0565
25.0145
24.9725
24.9305
24.8885
24.8465
24.8045
24.7625
24.7205
24.6785
24.6365
24.5945
24.5524
24.5104
24.4684
24.4264
24.3844
24.3424
24.3004
24.2584
24.2164
24.1744
24.1324
24.0904
24.0483
24.0063
23.9643
23.9223
23.884
23.8457
23.8074
23.7691
23.7308
23.6925
23.6542
23.6159
23.5776
23.5393
23.501
23.4627
23.4244
23.3861
23.3478
23.3095
23.2712
23.2329
23.1946
23.1563
23.118
23.0797
23.0414
23.0031
22.9648
22.9242
22.8836
22.843
22.8024
22.7668
22.7313
22.6957
22.6602
22.6246
22.589
22.5535
22.5179
22.4823
22.4468
22.4112
22.3757
22.3401
22.3045
22.269
22.2334
22.1978
22.1623
22.1267
22.0911
22.0556
22.02
21.9845
21.9489
21.9133
21.8778
21.8422
21.8066
21.7711
21.7355
21.7017
21.6679
21.6341
21.6003
21.5665
21.5327
21.4989
21.4651
21.4313
21.3976
21.3638
21.33
21.2962
21.2624
21.2286
21.1948
21.161
21.1272
21.0934
21.0596
21.0258
20.992
20.9582
20.9244
20.8906
20.8568
20.823
20.7892
20.7554
20.7216
20.6894
20.6571
20.6249
20.5926
20.5604
20.5281
20.4959
20.4636
20.4314
20.3991
20.3669
20.3346
20.3024
20.2701
20.2379
20.2056
20.1734
20.1411
20.1089
20.0766
20.0444
20.0121
19.9799
19.9476
19.9154
19.8831
19.8509
19.8186
19.7864
19.7541
19.7244
19.6947
19.665
19.6353
19.6056
19.5759
19.5461
19.5164
19.4867
19.457
19.4273
19.3976
19.3679
19.3382
19.3084
19.2787
19.249
19.2193
19.1896
19.1599
19.1302
19.1004
19.0707
19.041
19.0113
18.9816
18.9519
18.9222
18.8925
18.8627
18.833
18.8057
18.7784
18.751
18.7237
18.6964
18.669
18.6417
18.6143
18.587
18.5597
18.5323
18.505
18.4777
18.4503
18.423
18.3957
18.3683
18.341
18.3137
18.2863
18.259
18.2317
18.2043
18.177
18.1497
18.1223
18.095
18.0676
18.0403
18.013
17.9856
17.9583
17.933
17.9077
17.8824
17.8571
17.8318
17.8065
17.7812
17.7559
17.7306
17.7053
17.68
17.6547
17.6294
17.6041
17.5788
17.5535
17.5282
17.5029
17.4776
17.4523
17.427
17.4017
17.3764
17.3511
17.3258
17.3005
17.2752
17.2499
17.2246
17.1992
17.1739
17.1486
17.1233
17.0992
17.0751
17.0511
17.027
17.0029
16.9788
16.9547
16.9306
16.9065
16.8824
16.8583
16.8342
16.8101
16.786
16.7619
16.7378
16.7137
16.6896
16.6655
16.6414
16.6173
16.5932
16.5691
16.545
16.5209
16.4968
16.4727
16.4486
16.4245
16.4004
16.3763
16.3522
16.3281
16.3053
16.2826
16.2598
16.237
16.2142
16.1914
16.1686
16.1458
16.123
16.1002
16.0774
16.0546
16.0318
16.0091
15.9863
15.9635
15.9407
15.9179
15.8951
15.8723
15.8495
15.8267
15.8039
15.7811
15.7583
15.7356
15.7128
15.69
15.6672
15.6444
15.6216
15.5988
15.576
15.5555
15.5349
15.5144
15.4938
15.4733
15.4528
15.4322
15.4117
15.3911
15.3706
15.35
15.3295
15.309
15.2884
15.2679
15.2473
15.2268
15.2062
15.1857
15.1652
15.1446
15.1241
15.1035
15.083
15.0624
15.0419
15.0214
15.0008
14.9803
14.9597
14.9392
14.9186
14.8981
14.8776
14.857
14.8375
14.818
14.7985
14.779
14.7595
14.74
14.7205
14.701
14.6815
14.662
14.6425
14.623
14.6035
14.584
14.5645
14.545
14.5255
14.506
14.4865
14.467
14.4475
14.428
14.4085
14.389
14.3695
14.35
14.3305
14.311
14.2915
14.272
14.2525
14.233
14.2135
14.194
14.1745
14.1559
14.1374
14.1188
14.1003
14.0817
14.0631
14.0446
14.026
14.0075
13.9889
13.9704
13.9518
13.9333
13.9147
13.8961
13.8776
13.859
13.8405
13.8219
13.8034
13.7848
13.7663
13.7477
13.7292
13.7106
13.692
13.6735
13.6549
13.6364
13.6178
13.5993
13.5807
13.5622
13.5436
13.5251
13.5084
13.4917
13.4751
13.4584
13.4418
13.4251
13.4085
13.3918
13.3751
13.3585
13.3418
13.3252
13.3085
13.2919
13.2752
13.2586
13.2419
13.2252
13.2086
13.1919
13.1753
13.1586
13.142
13.1253
13.1086
13.092
13.0753
13.0587
13.042
13.0254
13.0087
12.9921
12.9754
12.9587
12.9421
12.9254
12.9088
12.8928
12.8769
12.861
12.845
12.8291
12.8131
12.7972
12.7813
12.7653
12.7494
12.7334
12.7175
12.7016
12.6856
12.6697
12.6537
12.6378
12.6219
12.6059
12.59
12.574
12.5581
12.5422
12.5262
12.5103
12.4943
12.4784
12.4625
12.4465
12.4306
12.4146
12.3987
12.3828
12.3668
12.3509
12.3349
12.319
12.3044
12.2897
12.2751
12.2604
12.2458
12.2311
12.2165
12.2018
12.1872
12.1725
12.1579
12.1432
12.1286
12.1139
12.0993
12.0846
12.07
12.0553
12.0407
12.026
12.0114
11.9967
11.9821
11.9674
11.9528
11.9381
11.9235
11.9088
11.8942
11.8795
11.8649
11.8502
11.8356
11.821
11.8063
11.7917
11.777
11.7624
11.7484
11.7344
11.7204
11.7064
11.6924
11.6784
11.6644
11.6504
11.6365
11.6225
11.6085
11.5945
11.5805
11.5665
11.5525
11.5385
11.5245
11.5105
11.4966
11.4826
11.4686
11.4546
11.4406
11.4266
11.4126
11.3986
11.3846
11.3708
11.3569
11.3431
11.3292
11.3154
11.3015
11.2876
11.2738
11.2599
11.2461
11.2322
11.2196
11.207
11.1945
11.1819
11.1693
11.1567
11.1441
11.1315
11.1189
11.1063
11.0937
11.0811
11.0685
11.056
11.0434
11.0308
11.0182
11.0056
10.993
10.9804
10.9678
10.9552
10.9426
10.93
10.9175
10.9049
10.8923
10.8797
10.8671
10.8545
10.8419
10.8293
10.8167
10.8041
10.7915
10.779
10.7664
10.7538
10.7412
10.7286
10.7166
10.7046
10.6926
10.6806
10.6685
10.6565
10.6445
10.6325
10.6205
10.6085
10.5965
10.5845
10.5725
10.5604
10.5484
10.5364
10.5244
10.5124
10.5004
10.4884
10.4764
10.4644
10.4523
10.4403
10.4283
10.4163
10.4043
10.3923
10.3803
10.3683
10.3563
10.3442
10.3322
10.3202
10.3082
10.2962
10.2842
10.2722
10.2602
10.2482
10.2371
10.226
10.2149
10.2039
10.1928
10.1817
10.1707
10.1596
10.1485
10.1374
10.1264
10.1153
10.1042
10.0932
10.0821
10.071
10.0599
10.0489
10.0378
10.0267
10.0157
10.0046
9.99352
9.98245
9.97138
9.9603
9.94923
9.93816
9.92709
9.91602
9.90495
9.89388
9.8828
9.87173
9.86066
9.84959
9.83852
9.82745
9.81638
9.80531
9.79423
9.78365
9.77306
9.76247
9.75189
9.7413
9.73071
9.72013
9.70954
9.69896
9.68837
9.67778
9.6672
9.65661
9.64602
9.63544
9.62485
9.61426
9.60367
9.59309
9.5825
9.57192
9.56133
9.55074
9.54016
9.52957
9.51898
9.5084
9.49781
9.48722
9.47664
9.46605
9.45547
9.44488
9.43429
9.42371
9.41312
9.40253
9.39194
9.38136
9.37077
9.36019
9.35063
9.34108
9.33152
9.32197
9.31241
9.30286
9.2933
9.28375
9.27419
9.26464
9.25508
9.24553
9.23597
9.22642
9.21686
9.20731
9.19776
9.1882
9.17865
9.16909
9.15954
9.14998
9.14043
9.13087
9.12132
9.11176
9.10221
9.09265
9.0831
9.07354
9.06399
9.05443
9.04488
9.03533
9.02577
9.01622
9.00666
8.99711
8.98755
8.978
8.96844
8.95889
8.94933
8.94024
8.93115
8.92205
8.91296
8.90387
8.89478
8.88569
8.87659
8.8675
8.85841
8.84932
8.84022
8.83113
8.82204
8.81295
8.80385
8.79476
8.78567
8.77658
8.76748
8.75839
8.7493
8.7402
8.73111
8.72202
8.71293
8.70384
8.69475
8.68565
8.67656
8.66747
8.65838
8.64928
8.64019
8.6311
8.622
8.61291
8.60382
8.59473
8.58564
8.57654
8.56745
8.55836
8.54985
8.54134
8.53283
8.52432
8.51581
8.5073
8.49879
8.49028
8.48178
8.47327
8.46476
8.45625
8.44774
8.43923
8.43072
8.42221
8.4137
8.40519
8.39668
8.38817
8.37966
8.37116
8.36265
8.35414
8.34563
8.33712
8.32861
8.3201
8.31159
8.30308
8.29457
8.28606
8.27755
8.26904
8.26054
8.25202
8.24352
8.23501
8.2265
8.21799
8.20948
8.20097
8.19246
8.18395
8.17607
8.16819
8.16032
8.15244
8.14456
8.13668
8.1288
8.12092
8.11304
8.10517
8.09729
8.08941
8.08153
8.07365
8.06577
8.0579
8.05002
8.04214
8.03426
8.02638
8.01851
8.01063
8.00275
7.99487
7.98699
7.97911
7.97123
7.96335
7.95548
7.9476
7.93972
7.93184
7.92396
7.91609
7.90821
7.90033
7.89245
7.88457
7.87669
7.86882
7.86094
7.85306
7.84518
7.8373
7.82942
7.82215
7.81487
7.8076
7.80032
7.79305
7.78577
7.7785
7.77122
7.76395
7.75667
7.7494
7.74213
7.73485
7.72757
7.7203
7.71302
7.70575
7.69847
7.6912
7.68392
7.67665
7.66938
7.6621
7.65482
7.64755
7.64027
7.633
7.62572
7.61845
7.61118
7.6039
7.59663
7.58935
7.58208
7.5748
7.56752
7.56025
7.55298
7.5457
7.53843
7.53115
7.52387
7.5166
7.50933
7.50205
7.49478
7.48794
7.4811
7.47426
7.46742
7.46059
7.45375
7.44691
7.44007
7.43323
7.42639
7.41956
7.41272
7.40588
7.39904
7.3922
7.38536
7.37853
7.37169
7.36485
7.35801
7.35117
7.34434
7.3375
7.33066
7.32382
7.31698
7.31014
7.30331
7.29647
7.28963
7.28279
7.27596
7.26912
7.26228
7.25544
7.2486
7.24176
7.23493
7.22809
7.22125
7.21441
7.20757
7.20073
7.1939
7.18706
7.18022
7.17338
7.16703
7.16068
7.15433
7.14798
7.14163
7.13528
7.12893
7.12258
7.11623
7.10988
7.10353
7.09717
7.09082
7.08447
7.07812
7.07177
7.06542
7.05907
7.05272
7.04637
7.04002
7.03367
7.02732
7.02097
7.01462
7.00827
7.00192
6.99556
6.98922
6.98286
6.97652
6.97016
6.96381
6.95746
6.95111
6.94476
6.93841
6.93206
6.92571
6.91936
6.91301
6.90666
6.90031
6.89396
6.88761
6.88126
6.87491
6.86855
6.86255
6.85654
6.85054
6.84453
6.83853
6.83252
6.82652
6.82051
6.81451
6.8085
6.80249
6.79649
6.79048
6.78448
6.77847
6.77247
6.76646
6.76046
6.75445
6.74845
6.74244
6.73643
6.73043
6.72442
6.71842
6.71241
6.70641
6.7004
6.6944
6.68839
6.68239
6.67638
6.67037
6.66437
6.65836
6.65236
6.64635
6.64035
6.63434
6.62834
6.62233
6.61633
6.61032
6.60432
6.59831
6.5923
6.5863
6.58029
6.57479
6.56929
6.56379
6.55829
6.55279
6.54729
6.54179
6.53629
6.53079
6.52529
6.51979
6.51429
6.50879
6.50329
6.49779
6.49229
6.48679
6.48129
6.47579
6.47029
6.46479
6.45929
6.45379
6.44829
6.44279
6.43729
6.43179
6.42629
6.42079
6.41529
6.40979
6.40429
6.39879
6.39329
6.38779
6.38229
6.37679
6.37129
6.36579
6.36029
6.35479
6.34929
6.34379
6.33829
6.33279
6.32729
6.32179
6.31629
6.31079
6.30529
6.30015
6.29502
6.28989
6.28476
6.27962
6.27449
6.26936
6.26423
6.25909
6.25396
6.24883
6.2437
6.23857
6.23343
6.2283
6.22317
6.21803
6.2129
6.20777
6.20264
6.19751
6.19237
6.18724
6.18211
6.17698
6.17184
6.16671
6.16158
6.15645
6.15131
6.14618
6.14105
6.13592
6.13078
6.12565
6.12052
6.11539
6.11025
6.10512
6.09999
6.09486
6.08972
6.08459
6.07946
6.07433
6.0692
6.06406
6.05893
6.0538
6.04867
6.04353
6.03866
6.03379
6.02891
6.02404
6.01917
6.0143
6.00943
6.00455
5.99968
5.99481
5.98993
5.98506
5.98019
5.97532
5.97044
5.96557
5.9607
5.95583
5.95095
5.94608
5.94121
5.93634
5.93146
5.92659
5.92172
5.91685
5.91197
5.9071
5.90223
5.89736
5.89248
5.88761
5.88274
5.87787
5.87299
5.86812
5.86325
5.85838
5.8535
5.84863
5.84376
5.83889
5.83401
5.82914
5.82427
5.8194
5.81452
5.80965
5.80478
5.7999
5.79503
5.79053
5.78603
5.78153
5.77703
5.77253
5.76803
5.76352
5.75902
5.75452
5.75002
5.74552
5.74102
5.73652
5.73202
5.72751
5.72301
5.71851
5.71401
5.70951
5.70501
5.70051
5.69601
5.69151
5.687
5.6825
5.678
5.6735
5.669
5.6645
5.66
5.6555
5.651
5.64649
5.64199
5.63749
5.63299
5.62849
5.62399
5.61949
5.61499
5.61049
5.60598
5.60148
5.59698
5.59248
5.58798
5.58348
5.57898
5.57448
5.56997
5.56547
5.56097
5.55647
5.55222
5.54797
5.54372
5.53947
5.53522
5.53097
5.52671
5.52246
5.51821
5.51396
5.50971
5.50546
5.50121
5.49696
5.49271
5.48845
5.4842
5.47995
5.4757
5.47145
5.4672
5.46295
5.4587
5.45445
5.45019
5.44594
5.44169
5.43744
5.43319
5.42894
5.42469
5.42044
5.41619
5.41194
5.40768
5.40343
5.39918
5.39493
5.39068
5.38643
5.38218
5.37793
5.37368
5.36942
5.36517
5.36092
5.35667
5.35242
5.34817
5.34392
5.33967
5.33542
5.33116
5.32725
5.32333
5.31942
5.3155
5.31159
5.30767
5.30375
5.29984
5.29592
5.29201
5.28809
5.28418
5.28026
5.27634
5.27243
5.26851
5.2646
5.26068
5.25676
5.25285
5.24893
5.24502
5.2411
5.23719
5.23327
5.22935
5.22544
5.22152
5.21761
5.21369
5.20978
5.20586
5.20194
5.19803
5.19411
5.1902
5.18628
5.18237
5.17845
5.17453
5.17062
5.1667
5.16279
5.15887
5.15495
5.15104
5.14712
5.14321
5.13929
5.13538
5.13146
5.12754
5.12363
5.11971
5.1158
5.11219
5.10858
5.10497
5.10136
5.09775
5.09414
5.09053
5.08692
5.08331
5.07971
5.0761
5.07249
5.06888
5.06527
5.06166
5.05805
5.05444
5.05083
5.04722
5.04361
5.04
5.0364
5.03279
5.02918
5.02557
5.02196
5.01835
5.01474
5.01113
5.00752
5.00391
5.0003
4.9967
4.99309
4.98948
4.98587
4.98226
4.97865
4.97504
4.97143
4.96782
4.96421
4.9606
4.95699
4.95338
4.94978
4.94617
4.94256
4.93895
4.93534
4.93173
4.92812
4.92451
4.9209
4.91729
4.91368
4.91025
4.90682
4.90339
4.89997
4.89654
4.89311
4.88968
4.88625
4.88282
4.87939
4.87596
4.87253
4.8691
4.86567
4.86224
4.85881
4.85538
4.85195
4.84852
4.84509
4.84166
4.83823
4.8348
4.83137
4.82794
4.82451
4.82108
4.81765
4.81423
4.8108
4.80737
4.80394
4.80051
4.79708
4.79365
4.79022
4.78679
4.78336
4.77993
4.7765
4.77307
4.76964
4.76621
4.76278
4.75935
4.75592
4.75249
4.74906
4.74563
4.7422
4.73877
4.73534
4.73192
4.72849
4.72506
4.72163
4.7182
4.71488
4.71157
4.70826
4.70494
4.70163
4.69832
4.695
4.69169
4.68838
4.68506
4.68175
4.67844
4.67512
4.67181
4.6685
4.66518
4.66187
4.65856
4.65524
4.65193
4.64862
4.6453
4.64199
4.63868
4.63536
4.63205
4.62874
4.62542
4.62211
4.6188
4.61548
4.61217
4.60886
4.60554
4.60223
4.59892
4.5956
4.59261
4.58961
4.58661
4.58361
4.58061
4.57762
4.57462
4.57162
4.56862
4.56563
4.56263
4.55963
4.55663
4.55363
4.55064
4.54764
4.54464
4.54164
4.53865
4.53565
4.53265
4.52967
4.5267
4.52372
4.52074
4.51777
4.51479
4.51182
4.50884
4.50586
4.50289
4.49991
4.49693
4.49396
4.49098
4.488
4.48503
4.48205
4.47907
4.4761
4.47312
4.47015
4.46717
4.46419
4.46122
4.45824
4.45526
4.45229
4.44931
4.44633
4.44336
4.44038
4.43741
4.43443
4.43145
4.42848
4.4255
4.42252
4.41955
4.41657
4.41359
4.41062
4.40764
4.40466
4.40169
4.39871
4.39574
4.39276
4.38978
4.38681
4.38383
4.38085
4.37788
4.3749
4.37192
4.36895
4.36597
4.363
4.36002
4.35704
4.35423
4.35141
4.34859
4.34578
4.34296
4.34014
4.33733
4.33451
4.3317
4.32888
4.32606
4.32325
4.32043
4.31761
4.3148
4.31198
4.30916
4.30635
4.30353
4.30072
4.2979
4.29508
4.29227
4.28945
4.28663
4.28382
4.281
4.27818
4.27537
4.27255
4.26974
4.26692
4.2641
4.26129
4.25847
4.25565
4.25284
4.25002
4.24721
4.24439
4.24157
4.23876
4.23594
4.23312
4.23031
4.22749
4.22467
4.22186
4.21904
4.21623
4.21341
4.21059
4.20778
4.20496
4.20214
4.19933
4.19651
4.1937
4.19088
4.18806
4.18545
4.18285
4.18024
4.17763
4.17503
4.17242
4.16981
4.1672
4.1646
4.16199
4.15938
4.15678
4.15417
4.15156
4.14895
4.14635
4.14374
4.14113
4.13853
4.13592
4.13331
4.1307
4.1281
4.12549
4.12288
4.12027
4.11767
4.11506
4.11245
4.10985
4.10724
4.10463
4.10202
4.09942
4.09681
4.0942
4.0916
4.08899
4.08638
4.08377
4.08117
4.07856
4.07595
4.07334
4.07074
4.06813
4.06552
4.06292
4.06031
4.0577
4.05509
4.05249
4.04988
4.04727
4.04466
4.04206
4.03945
4.03684
4.03424
4.03163
4.02902
4.0266
4.02418
4.02176
4.01934
4.01693
4.01451
4.01209
4.00967
4.00725
4.00483
4.00241
3.99999
3.99757
3.99515
3.99273
3.99031
3.98789
3.98548
3.98306
3.98064
3.97822
3.9758
3.97338
3.97096
3.96854
3.96612
3.9637
3.96128
3.95886
3.95644
3.95402
3.95161
3.94919
3.94677
3.94435
3.94193
3.93951
3.93709
3.93467
3.93225
3.92983
3.92741
3.92499
3.92257
3.92016
3.91774
3.91532
3.9129
3.91048
3.90806
3.90564
3.90322
3.9008
3.89838
3.89596
3.89354
3.89112
3.8887
3.88629
3.88387
3.88145
3.87903
3.87661
3.87433
3.87205
3.86977
3.8675
3.86522
3.86294
3.86066
3.85838
3.85611
3.85383
3.85155
3.84927
3.847
3.84472
3.84244
3.84016
3.83788
3.83561
3.83333
3.83105
3.82877
3.82649
3.82422
3.82194
3.81966
3.81738
3.8151
3.81283
3.81055
3.80827
3.80599
3.80371
3.80144
3.79916
3.79688
3.7946
3.79233
3.79005
3.78777
3.78549
3.78321
3.78094
3.77866
3.77638
3.7741
3.77182
3.76955
3.76727
3.76499
3.76271
3.76043
3.75816
3.75588
3.7536
3.75132
3.74904
3.74677
3.74449
3.74221
3.73993
3.73766
3.73538
3.7331
3.73082
3.72868
3.72654
3.7244
3.72226
3.72012
3.71798
3.71583
3.71369
3.71155
3.70941
3.70727
3.70513
3.70299
3.70085
3.69871
3.69657
3.69443
3.69228
3.69014
3.688
3.68586
3.68372
3.68158
3.67944
3.6773
3.67516
3.67302
3.67088
3.66873
3.66659
3.66445
3.66231
3.66017
3.65803
3.65589
3.65375
3.65161
3.64947
3.64733
3.64518
3.64304
3.6409
3.63876
3.63662
3.63448
3.63234
3.6302
3.62806
3.62592
3.62378
3.62163
3.61949
3.61735
3.61521
3.61307
3.61093
3.60879
3.60665
3.60451
3.60237
3.60022
3.59808
3.59594
3.5938
3.59166
3.58965
3.58764
3.58564
3.58363
3.58162
3.57961
3.5776
3.5756
3.57359
3.57158
3.56957
3.56756
3.56556
3.56355
3.56154
3.55953
3.55752
3.55552
3.55351
3.5515
3.54949
3.54748
3.54548
3.54347
3.54146
3.53945
3.53744
3.53543
3.53343
3.53142
3.52941
3.5274
3.52539
3.52339
3.52138
3.51937
3.51736
3.51535
3.51335
3.51134
3.50933
3.50732
3.50531
3.50331
3.5013
3.49929
3.49728
3.49527
3.49326
3.49126
3.48925
3.48724
3.48523
3.48322
3.48122
3.47921
3.4772
3.47519
3.47318
3.47118
3.46917
3.46716
3.46515
3.46314
3.46114
3.45913
3.45728
3.45542
3.45357
3.45172
3.44987
3.44802
3.44617
3.44431
3.44246
3.44061
3.43876
3.43691
3.43506
3.43321
3.43135
3.4295
3.42765
3.4258
3.42395
3.4221
3.42024
3.41839
3.41654
3.41469
3.41284
3.41099
3.40913
3.40728
3.40543
3.40358
3.40173
3.39988
3.39803
3.39617
3.39432
3.39247
3.39062
3.38877
3.38692
3.38506
3.38321
3.38136
3.37951
3.37766
3.37581
3.37396
3.3721
3.37025
3.3684
3.36655
3.3647
3.36285
3.36099
3.35914
3.35729
3.35544
3.35359
3.35174
3.34988
3.34803
3.34618
3.34433
3.34248
3.34063
3.33878
3.33692
3.33507
3.33322
3.3315
3.32978
3.32806
3.32634
3.32462
3.32291
3.32119
3.31947
3.31775
3.31603
3.31431
3.31259
3.31087
3.30915
3.30743
3.30571
3.304
3.30228
3.30056
3.29884
3.29712
3.2954
3.29368
3.29196
3.29024
3.28852
3.2868
3.28509
3.28337
3.28165
3.27993
3.27821
3.27649
3.27477
3.27305
3.27133
3.26961
3.26789
3.26618
3.26446
3.26274
3.26102
3.2593
3.25758
3.25586
3.25414
3.25242
3.2507
3.24898
3.24727
3.24555
3.24383
3.24211
3.24039
3.23867
3.23695
3.23523
3.23351
3.23179
3.23007
3.22836
3.22664
3.22492
3.2232
3.22148
3.21976
3.21804
3.21632
3.2146
3.21297
3.21134
3.2097
3.20807
3.20644
3.2048
3.20317
3.20154
3.19991
3.19827
3.19664
3.19501
3.19337
3.19174
3.19011
3.18847
3.18684
3.18521
3.18358
3.18194
3.18031
3.17868
3.17704
3.17541
3.17378
3.17214
3.17051
3.16888
3.16725
3.16561
3.16398
3.16235
3.16071
3.15908
3.15745
3.15581
3.15418
3.15255
3.15092
3.14928
3.14765
3.14602
3.14438
3.14275
3.14112
3.13948
3.13785
3.13622
3.13459
3.13295
3.13132
3.12969
3.12805
3.12642
3.12479
3.12315
3.12152
3.11989
3.11826
3.11662
3.11499
3.11336
3.11172
3.11009
3.10846
3.10682
3.10519
3.10356
3.10193
3.10029
3.09878
3.09727
3.09576
3.09425
3.09275
3.09124
3.08973
3.08822
3.08671
3.0852
3.08369
3.08218
3.08067
3.07916
3.07765
3.07614
3.07463
3.07312
3.07161
3.0701
3.06859
3.06709
3.06558
3.06407
3.06256
3.06105
3.05954
3.05803
3.05652
3.05501
3.0535
3.05199
3.05048
3.04897
3.04746
3.04595
3.04444
3.04293
3.04143
3.03992
3.03841
3.0369
3.03539
3.03388
3.03237
3.03086
3.02935
3.02784
3.02633
3.02482
3.02331
3.0218
3.02029
3.01878
3.01728
3.01577
3.01426
3.01275
3.01124
3.00973
3.00822
3.00671
3.0052
3.00369
3.00218
3.00067
2.99916
2.99765
2.99614
2.99463
2.99312
2.99162
2.99019
2.98876
2.98734
2.98591
2.98449
2.98306
2.98164
2.98021
2.97879
2.97736
2.97594
2.97451
2.97309
2.97166
2.97024
2.96881
2.96739
2.96596
2.96454
2.96311
2.96169
2.96026
2.95884
2.95741
2.95599
2.95456
2.95314
2.95171
2.95028
2.94886
2.94743
2.94601
2.94458
2.94316
2.94173
2.94031
2.93888
2.93746
2.93603
2.93461
2.93318
2.93176
2.93033
2.92891
2.92748
2.92606
2.92463
2.92321
2.92178
2.92036
2.91893
2.91751
2.91608
2.91465
2.91323
2.9118
2.91038
2.90895
2.90753
2.9061
2.90468
2.90325
2.90183
2.9004
2.89898
2.89755
2.89613
2.8947
2.89328
2.89185
2.89043
2.889
2.88758
2.88624
2.8849
2.88356
2.88222
2.88088
2.87954
2.8782
2.87687
2.87553
2.87419
2.87285
2.87151
2.87017
2.86883
2.86749
2.86616
2.86482
2.86348
2.86214
2.8608
2.85946
2.85812
2.85678
2.85545
2.85411
2.85277
2.85143
2.85009
2.84875
2.84741
2.84607
2.84474
2.8434
2.84206
2.84072
2.83938
2.83804
2.8367
2.83536
2.83403
2.83269
2.83135
2.83001
2.82867
2.82733
2.82599
2.82465
2.82332
2.82198
2.82064
2.8193
2.81796
2.81662
2.81528
2.81394
2.81261
2.81127
2.80993
2.80859
2.80725
2.80591
2.80457
2.80323
2.80189
2.80056
2.79922
2.79788
2.79654
2.7952
2.79386
2.79252
2.79118
2.78985
2.78851
2.78726
2.78602
2.78478
2.78354
2.78229
2.78105
2.77981
2.77857
2.77732
2.77608
2.77484
2.7736
2.77235
2.77111
2.76987
2.76863
2.76738
2.76614
2.7649
2.76366
2.76241
2.76117
2.75993
2.75869
2.75744
2.7562
2.75496
2.75372
2.75247
2.75123
2.74999
2.74875
2.7475
2.74626
2.74502
2.74378
2.74253
2.74129
2.74005
2.73881
2.73756
2.73632
2.73508
2.73384
2.73259
2.73135
2.73011
2.72887
2.72762
2.72638
2.72514
2.7239
2.72265
2.72141
2.72017
2.71893
2.71768
2.71644
2.7152
2.71396
2.71271
2.71147
2.71023
2.70899
2.70774
2.7065
2.70526
2.70402
2.70277
2.70153
2.70029
2.69905
2.6978
2.69656
2.69532
2.69408
2.6929
2.69172
2.69053
2.68935
2.68817
2.68699
2.68581
2.68463
2.68345
2.68227
2.68109
2.67991
2.67873
2.67754
2.67636
2.67518
2.674
2.67282
2.67164
2.67046
2.66928
2.6681
2.66692
2.66574
2.66455
2.66337
2.66219
2.66101
2.65983
2.65865
2.65747
2.65629
2.65511
2.65393
2.65275
2.65156
2.65038
2.6492
2.64802
2.64688
2.64574
2.64461
2.64347
2.64233
2.64119
2.64005
2.63891
2.63778
2.63664
