5668.01
4378.44
3456.8
2779.73
2272.48
1881.93
1574.93
1331.45
1136.7
7167.6
6548.53
5933.64
5338.3
4786.08
4286.82
3837.49
3440.57
3090.84
2786.79
2521.98
2291.7
2093.61
1919.2
1766.15
1630.52
1509.66
1400.02
1302.18
1212.67
1131.92
1056.86
988.697
925.866
868.351
814.897
765.661
720.487
678.498
639.607
604.18
570.681
540.187
511.392
484.783
459.982
436.944
415.247
394.963
376.21
358.474
341.757
326.293
311.599
297.67
284.632
272.397
260.841
249.89
239.485
229.731
220.52
211.734
203.341
195.524
188.044
180.864
174.103
167.751
161.63
155.794
150.181
144.943
139.928
135.119
130.447
126.101
121.869
117.843
114.039
110.34
106.871
103.466
100.25
97.1451
94.1751
91.3401
88.5811
85.9757
83.4088
81.0105
78.6269
76.4633
74.2997
72.1534
70.0394
68.2155
66.3917
64.6401
62.8885
61.2432
59.6096
58.0517
56.5127
55.0707
53.6701
52.3326
51.0581
49.7883
48.5371
47.2859
46.2032
45.1205
44.0459
42.9766
41.9492
41.0194
40.0896
39.172
38.2574
37.3765
36.5462
35.716
34.9541
34.1998
33.4581
32.7458
32.0335
31.3667
30.7195
30.0722
29.46
28.8478
28.2518
27.6934
27.135
26.5925
26.066
25.5396
25.0407
24.5536
24.0665
23.6231
23.1679
22.7127
22.2951
21.8817
21.4683
21.0855
20.7061
20.3268
19.9654
19.6084
19.2515
18.9081
18.5705
18.233
17.9184
17.6193
17.3202
17.0256
16.7416
16.4575
16.1735
15.9074
15.6414
15.3754
15.129
14.891
14.653
14.4178
14.1939
13.97
13.7461
13.5301
13.3175
13.1049
12.897
12.7081
12.5192
12.3303
12.1467
11.9684
11.7902
11.6119
11.4423
11.2747
11.1072
10.9413
10.7893
10.6374
10.4854
10.338
10.1956
10.0532
9.91082
9.77174
9.64037
9.50899
9.37762
9.24974
9.13001
9.01028
8.89055
8.77257
8.6616
8.55064
8.43967
8.3287
8.22366
8.11862
8.01358
7.90853
7.81005
7.7132
7.61635
7.51951
7.42658
7.33757
7.24855
7.15954
7.07128
6.98973
6.90818
6.82663
6.74509
6.66719
6.59174
6.51628
6.44082
6.36536
6.2947
6.22403
6.15337
6.0827
6.01402
5.94996
5.8859
5.82184
5.75778
5.69528
5.63434
5.5734
5.51246
5.45152
5.39437
5.33883
5.2833
5.22776
5.17223
5.11898
5.06672
5.01447
4.96221
4.90995
4.86116
4.81385
4.76655
4.71925
4.67194
4.62597
4.58133
4.5367
4.49206
4.44742
4.40403
4.36352
4.32301
4.28251
4.242
4.2015
4.16297
4.12467
4.08637
4.04806
4.00976
3.9732
3.93838
3.90357
3.86876
3.83394
3.79913
3.76667
3.73446
3.70226
3.67006
3.63786
3.60595
3.57524
3.54452
3.5138
3.48309
3.45333
3.42456
3.3968
3.36904
3.34128
3.31352
3.28576
3.25922
3.2335
3.20778
3.18206
3.15634
3.13062
3.1062
3.08266
3.05912
3.03557
3.01203
2.98849
2.96549
2.94331
2.92113
2.89896
2.87678
2.8546
2.83281
2.81256
2.79231
2.77206
2.75182
2.73157
2.71132
2.69217
2.6733
2.65443
2.63555
2.61668
2.59781
2.57935
2.56189
2.54442
2.52695
2.50949
2.49202
2.47455
2.45806
2.44199
2.42592
2.40984
2.39377
2.3777
2.36163
2.34641
2.33128
2.31615
2.30102
2.2859
2.27077
2.25579
2.24213
2.22847
2.21481
2.20116
2.1875
2.17384
2.16018
2.14729
2.1344
2.12152
2.10863
2.09574
2.08285
2.06996
2.058
2.04615
2.03429
2.02244
2.01059
1.99873
1.98688
1.97561
1.96473
1.95385
1.94297
1.93208
1.9212
1.91032
1.8995
1.88921
1.87892
1.86864
1.85835
1.84806
1.83777
1.82748
1.81765
1.80813
1.7986
1.78907
1.77955
1.77052
1.76149
1.75246
1.74369
1.73499
1.72628
1.71758
1.70888
1.70017
1.69147
1.68277
1.67461
1.66651
1.65841
1.65031
1.64221
1.63411
1.62601
1.61792
1.61038
1.6029
1.59542
1.58794
1.58047
1.57299
1.56551
1.55803
1.55091
1.54394
1.53696
1.52999
1.52301
1.51604
1.50907
1.50209
1.49536
1.48897
1.48259
1.47621
1.46983
1.46344
1.45706
1.45068
1.4443
1.43823
1.43225
1.42627
1.42028
1.4143
1.40832
1.40233
1.39635
1.39046
1.38496
1.37945
1.37395
1.36844
1.36294
1.35743
1.35193
1.34642
1.34104
1.33593
1.33082
1.32571
1.32059
1.31548
1.31037
1.30526
1.30015
1.29515
1.29042
1.28569
1.28096
1.27623
1.27149
1.26676
1.26203
1.2573
1.2526
1.24823
1.24387
1.2395
1.23513
1.23076
1.22639
1.22202
1.21765
1.21328
1.20912
1.20505
1.20098
1.19691
1.19283
1.18876
1.18469
1.18062
1.17655
1.17247
1.16834
1.16455
1.16076
1.15696
1.15317
1.14938
1.14559
1.1418
1.138
1.13434
1.13088
1.12741
1.12395
1.12048
1.11702
1.11356
1.11009
1.10663
1.10316
1.09977
1.09649
1.09321
1.08993
1.08665
1.08336
1.08008
1.0768
1.07352
1.07024
1.06704
1.06404
1.06104
1.05804
1.05503
1.05203
1.04903
1.04603
1.04303
1.04003
1.03703
1.03418
1.03135
1.02852
1.02569
1.02286
1.02003
1.0172
1.01437
1.01154
1.00871
1.00598
1.00338
1.00079
0.9982
0.995608
0.993016
0.990424
0.987832
0.985241
0.982648
0.980057
0.977576
0.975142
0.972709
0.970275
0.967842
0.965409
0.962975
0.960542
0.958108
0.955675
0.953242
0.950932
0.948676
0.94642
0.944164
0.941907
0.939651
0.937395
0.935139
0.932883
0.930627
0.92837
0.926197
0.924108
0.922018
0.919929
0.917839
0.91575
0.913661
0.911571
0.909482
0.907392
0.905303
0.903223
0.901235
0.899247
0.897259
0.895271
0.893283
0.891295
0.889441
0.887587
0.885734
0.88388
0.882027
0.880197
0.878391
0.876586
0.87478
0.872974
0.871168
0.869363
0.867557
0.865751
0.863945
0.86214
0.860334
0.858616
0.856934
0.855253
0.853572
0.851891
0.85021
0.848529
0.846848
0.845167
0.843486
0.841805
0.840123
0.838506
0.836931
0.835356
0.83378
0.832205
0.83063
0.829055
0.82748
0.825904
0.824329
0.822754
0.821179
0.819635
0.818167
0.816698
0.815229
0.81376
0.812291
0.810823
0.809354
0.807885
0.806416
0.804947
0.803478
0.80201
0.800629
0.79927
0.797911
0.796552
0.795193
0.793834
0.792475
0.791116
0.789757
0.788399
0.78704
0.785681
0.784322
0.783072
0.781821
0.780571
0.779321
0.77807
0.77682
0.77557
0.774319
0.773069
0.771819
0.770568
0.769318
0.768068
0.766867
0.765672
0.764477
0.763281
0.762086
0.760891
0.759696
0.758501
0.757305
0.75611
0.754915
0.75372
0.752525
0.751383
0.750277
0.749171
0.748065
0.746959
0.745853
0.744747
0.743642
0.742536
0.74143
0.740324
0.739218
0.738112
0.737015
0.736004
0.734992
0.73398
0.732968
0.731956
0.730944
0.729933
0.728921
0.727909
0.726897
0.725885
0.724873
0.723861
0.722857
0.72187
0.720883
0.719896
0.71891
0.717923
0.716936
0.715949
0.714962
0.713975
0.712988
0.712001
0.711014
0.710028
0.709065
0.708199
0.707334
0.706468
0.705602
0.704737
0.703871
0.703005
0.702139
0.701274
0.700408
0.699543
0.698677
0.697811
0.696946
0.696089
0.695235
0.694382
0.693528
0.692674
0.69182
0.690966
0.690113
0.689259
0.688405
0.687551
0.686697
0.685844
0.68499
0.684147
0.683348
0.682549
0.68175
0.680952
0.680153
0.679354
0.678555
0.677756
0.676957
0.676159
0.67536
0.674561
0.673762
0.672963
0.67218
0.671458
0.670737
0.670015
0.669294
0.668572
0.66785
0.667129
0.666407
0.665686
0.664964
0.664243
0.663521
0.6628
0.662078
0.661356
0.660656
0.659955
0.659255
0.658554
0.657853
0.657153
0.656492
0.655831
0.655169
0.654508
0.653847
0.653186
0.652525
0.651863
0.651202
0.65054
0.649878
0.649216
0.648553
0.647891
0.647228
0.646566
0.645903
0.645241
0.644578
0.643916
0.643254
0.642591
0.641929
0.641266
0.640604
0.639979
0.639378
0.638778
0.638178
0.637578
0.636978
0.636377
0.635777
0.635177
0.634577
0.633977
0.633376
0.632776
0.632176
0.631576
0.630975
0.630391
0.629823
0.629255
0.628687
0.628119
0.627551
0.626983
0.626415
0.625847
0.625279
0.624711
0.624142
0.623574
0.623006
0.622438
0.62187
0.621302
0.620767
0.620232
0.619696
0.619161
0.618626
0.618091
0.617555
0.61702
0.616485
0.61595
0.615414
0.614879
0.614344
0.613809
0.613273
0.612738
0.612213
0.61171
0.611207
0.610704
0.610201
0.609698
0.609195
0.608692
0.608189
0.607686
0.607183
0.60668
0.606177
0.605674
0.605171
0.604668
0.604165
0.603669
0.603197
0.602724
0.602252
0.60178
0.601308
0.600836
0.600364
0.599892
0.59942
0.598947
0.598475
0.598003
0.597531
0.597059
0.596587
0.596115
0.595643
0.595191
0.594749
0.594306
0.593864
0.593421
0.592979
0.592537
0.592094
0.591652
0.591209
0.590767
0.590324
0.589882
0.589439
0.588997
0.588555
0.588112
0.58767
0.587246
0.586824
0.586402
0.58598
0.585559
0.585137
0.584715
0.584293
0.583872
0.58345
0.583028
0.582606
0.582185
0.581763
0.581341
0.580919
0.580497
0.580076
0.579676
0.579282
0.578887
0.578493
0.578098
0.577704
0.57731
0.576915
0.576521
0.576127
0.575732
0.575338
0.574943
0.574549
0.574155
0.57376
0.573366
0.572972
0.572583
0.572208
0.571833
0.571457
0.571082
0.570707
0.570332
0.569956
0.569581
0.569206
0.568831
0.568456
0.56808
0.567705
0.56733
0.566955
0.566579
0.566204
0.565829
0.565465
0.565111
0.564758
0.564404
0.564051
0.563698
0.563344
0.562991
0.562637
0.562284
0.561931
0.561577
0.561224
0.56087
0.560517
0.560164
0.55981
0.559457
0.559143
0.558829
0.558485
0.558142
0.557799
0.557456
0.557112
0.556769
0.556426
0.556082
0.555739
0.555396
0.555052
0.554709
0.554366
0.554022
0.553679
0.553336
0.552993
0.552649
0.552306
0.551989
0.551673
0.551357
0.55104
0.550724
0.550407
0.550091
0.549774
0.549458
0.549141
0.548825
0.548508
0.548192
0.547875
0.547559
0.547242
0.546926
0.546609
0.546293
0.545977
0.545687
0.545397
0.545107
0.544817
0.544527
0.544237
0.543947
0.543657
0.543367
0.543078
0.542788
0.542498
0.542208
0.541918
0.541628
0.541338
0.541048
0.540758
0.540469
0.540179
0.539889
0.539594
0.539299
0.539005
0.53871
0.538415
0.53812
0.537826
0.537531
0.537236
0.536941
0.536647
0.536352
0.536057
0.535762
0.535468
0.535173
0.534878
0.534583
0.534289
0.533994
0.533735
0.533476
0.533217
0.532957
0.532698
0.532439
0.53218
0.531921
0.531662
0.531403
0.531143
0.530884
0.530625
0.530366
0.530107
0.529848
0.529588
0.529329
0.52907
0.528811
0.528552
0.528293
0.52803
0.527768
0.527506
0.527244
0.526981
0.526719
0.526457
0.526194
0.525932
0.52567
0.525408
0.525145
0.524883
0.524621
0.524358
0.524096
0.523834
0.523571
0.523309
0.523047
0.522785
0.522541
0.522297
0.522053
0.52181
0.521566
0.521322
0.521078
0.520834
0.520591
0.520347
0.520103
0.519859
0.519615
0.519372
0.519128
0.518884
0.51864
0.518397
0.518153
0.517909
0.517665
0.517421
0.517195
0.516968
0.516741
0.516514
0.516287
0.51606
0.515833
0.515606
0.51538
0.515153
0.514926
0.514699
0.514472
0.514245
0.514018
0.513791
0.513565
0.513338
0.513111
0.512884
0.512657
0.51243
0.512203
0.511975
0.511747
0.511518
0.51129
0.511061
0.510833
0.510604
0.510376
0.510148
0.509919
0.509691
0.509462
0.509234
0.509006
0.508777
0.508549
0.50832
0.508092
0.507864
0.507635
0.507407
0.507178
0.506973
0.506768
0.506562
0.506357
0.506152
0.505946
0.505741
0.505536
0.50533
0.505125
0.50492
0.504714
0.504509
0.504304
0.504098
0.503893
0.503688
0.503482
0.503277
0.503071
0.502866
0.502661
0.502455
0.50225
0.502053
0.501856
0.501658
0.501461
0.501264
0.501066
0.500869
0.500672
0.500475
0.500277
0.50008
0.499883
0.499685
0.499488
0.499291
0.499093
0.498896
0.498699
0.498502
0.498304
0.498107
0.49791
0.497712
0.497515
0.497322
0.497129
0.496935
0.496742
0.496549
0.496356
0.496162
0.495969
0.495776
0.495582
0.495389
0.495196
0.495003
0.494809
0.494616
0.494423
0.49423
0.494036
0.493843
0.49365
0.493456
0.493263
0.49307
0.492877
0.492687
0.492498
0.492309
0.49212
0.491931
0.491741
0.491552
0.491363
0.491174
0.490984
0.490795
0.490606
0.490417
0.490227
0.490038
0.489849
0.48966
0.48947
0.489281
0.489092
0.488903
0.488713
0.488524
0.488335
0.488164
0.487993
0.487822
0.487651
0.48748
0.487309
0.487138
0.486967
0.486796
0.486625
0.486454
0.486283
0.486112
0.485941
0.48577
0.485599
0.485429
0.485258
0.485087
0.484916
0.484745
0.484574
0.484403
0.484232
0.484061
0.48389
0.483718
0.483546
0.483374
0.483202
0.48303
0.482858
0.482686
0.482514
0.482342
0.48217
0.481998
0.481826
0.481654
0.481482
0.48131
0.481138
0.480966
0.480794
0.480622
0.48045
0.480278
0.480106
0.479934
0.479762
0.47959
0.479434
0.479278
0.479123
0.478967
0.478811
0.478656
0.4785
0.478344
0.478188
0.478033
0.477877
0.477721
0.477566
0.47741
0.477254
0.477099
0.476943
0.476787
0.476632
0.476476
0.47632
0.476165
0.476009
0.475853
0.475697
0.475542
0.475386
0.475228
0.47507
0.474912
0.474754
0.474596
0.474438
0.47428
0.474122
0.473965
0.473807
0.473649
0.473491
0.473333
0.473175
0.473017
0.472859
0.472701
0.472543
0.472385
0.472227
0.472069
0.471911
0.471753
0.471595
0.471437
0.471279
0.471129
0.470979
0.470828
0.470678
0.470528
0.470377
0.470227
0.470077
0.469926
0.469776
0.469626
0.469475
0.469325
0.469175
0.469024
0.468874
0.468724
0.468574
0.468423
0.468273
0.468123
0.467972
0.467822
0.467672
0.467521
0.467371
0.467221
0.467079
0.466938
0.466796
0.466655
0.466513
0.466372
0.46623
0.466089
0.465947
0.465806
0.465664
0.465523
0.465381
0.46524
0.465098
0.464957
0.464815
0.464674
0.464532
0.464391
0.464249
0.464108
0.463966
0.463825
0.463683
0.463542
0.4634
0.463259
0.463119
0.462979
0.462839
0.4627
0.46256
0.46242
0.46228
0.462141
0.462001
0.461861
0.461721
0.461581
0.461442
0.461302
0.461162
0.461022
0.460883
0.460743
0.460603
0.460463
0.460323
0.460184
0.460044
0.459904
0.459764
0.459625
0.459485
0.459345
0.459217
0.45909
0.458962
0.458835
0.458707
0.45858
0.458452
0.458325
0.458197
0.458069
0.457942
0.457814
0.457687
0.457559
0.457432
0.457304
0.457177
0.457049
0.456922
0.456794
0.456666
0.456539
0.456411
0.456284
0.456156
0.456011
0.455866
0.455721
0.455576
0.455452
0.455328
0.455204
0.45508
0.454956
0.454832
0.454708
0.454584
0.45446
0.454336
0.454212
0.454088
0.453964
0.45384
0.453716
0.453592
0.453468
0.453344
0.45322
0.453096
0.452972
0.452848
0.452724
0.4526
0.452476
0.452352
0.452228
0.452104
0.45198
0.451856
0.451734
0.451611
0.451489
0.451366
0.451244
0.451122
0.450999
0.450877
0.450754
0.450632
0.45051
0.450387
0.450265
0.450142
0.45002
0.449898
0.449775
0.449653
0.44953
0.449408
0.449286
0.449163
0.449041
0.448918
0.448796
0.448674
0.448551
0.448429
0.448306
0.448184
0.448063
0.447942
0.447822
0.447701
0.44758
0.447459
0.447338
0.447218
0.447097
0.446976
0.446855
0.446734
0.446614
0.446493
0.446372
0.446251
0.44613
0.44601
0.445889
0.445768
0.445647
0.445527
0.445406
0.445285
0.445164
0.445043
0.444923
0.444802
0.444681
0.44456
0.444446
0.444333
0.444219
0.444105
0.443991
0.443878
0.443764
0.44365
0.443536
0.443422
0.443309
0.443195
0.443081
0.442967
0.442854
0.44274
0.442626
0.442512
0.442398
0.442285
0.442171
0.442057
0.441943
0.44183
0.441716
0.441602
0.441488
0.441374
0.441261
0.441147
0.441033
0.440923
0.440813
0.440702
0.440592
0.440482
0.440372
0.440262
0.440151
0.440041
0.439931
0.439821
0.43971
0.4396
0.43949
0.43938
0.43927
0.439159
0.439049
0.438939
0.438829
0.438718
0.438608
0.438498
0.438388
0.438278
0.438167
0.438057
0.437947
0.437837
0.437726
0.437616
0.437506
0.437402
0.437298
0.437194
0.43709
0.436986
0.436882
0.436778
0.436674
0.43657
0.436466
0.436363
0.436259
0.436155
0.436051
0.435947
0.435843
0.435739
0.435635
0.435531
0.435427
0.435323
0.435219
0.435115
0.435011
0.434907
0.434803
0.434699
0.434595
0.434491
0.434387
0.434283
0.434179
0.434076
0.433972
0.433868
0.433764
0.43366
0.433556
0.433452
0.433348
0.433244
0.43314
0.433036
0.432932
0.432828
0.432724
0.43262
0.432516
0.432412
0.432308
0.432204
0.4321
0.431996
0.431892
0.431789
0.431685
0.431581
0.431477
0.431373
0.431269
0.431165
0.431061
0.430957
0.430853
0.430749
0.430645
0.430544
0.430443
0.430342
0.430241
0.43014
0.430039
0.429938
0.429837
0.429736
0.429635
0.429534
0.429433
0.429332
0.429231
0.42913
0.429029
0.428928
0.428827
0.428726
0.428625
0.428524
0.428422
0.428321
0.42822
0.428119
0.428018
0.427917
0.427816
0.427715
0.427614
0.427513
0.427412
0.427311
0.427217
0.427123
0.42703
0.426936
0.426842
0.426748
0.426654
0.42656
0.426466
0.426372
0.426279
0.426185
0.426091
0.425997
0.425903
0.425809
0.425715
0.425622
0.425528
0.425434
0.42534
0.425246
0.425152
0.425058
0.424964
0.424871
0.424777
0.424683
0.424589
0.424495
0.424401
0.424307
0.424213
0.42412
0.424026
0.423932
0.423838
0.423744
0.42365
0.423556
0.423462
0.423369
0.423275
0.423181
0.423087
0.422993
0.422899
0.422805
0.422711
0.422618
0.422524
0.42243
0.422336
0.422242
0.422148
0.422054
0.421961
0.421867
0.421773
0.421679
0.421585
0.421491
0.421397
0.421303
0.42121
0.421116
0.421022
0.420928
0.420834
0.42074
0.420648
0.420555
0.420463
0.42037
0.420278
0.420185
0.420093
0.42
0.419908
0.419815
0.419723
0.41963
0.419538
0.419445
0.419353
0.41926
0.419168
0.419075
0.418983
0.41889
0.418798
0.418705
0.418613
0.41852
0.418428
0.418335
0.418243
0.41815
0.418058
0.417965
0.417873
0.41778
0.417688
0.417595
0.417503
0.417418
0.417333
0.417248
0.417163
0.417079
0.416994
0.416909
0.416824
0.416739
0.416654
0.416569
0.416484
0.4164
0.416315
0.41623
0.416145
0.41606
0.415975
0.41589
0.415805
0.41572
0.415636
0.415551
0.415466
0.415381
0.415296
0.415211
0.415126
0.415041
0.414957
0.414872
0.414787
0.414702
0.414617
0.414532
0.414447
0.414362
0.414276
0.41419
0.414104
0.414018
0.413931
0.413845
0.413759
0.413673
0.413587
0.413501
0.413414
0.413328
0.413242
0.413156
0.41307
0.412983
0.412897
0.412811
0.412725
0.412639
0.412552
0.412466
0.41238
0.412294
0.412208
0.412122
0.412035
0.411949
0.411863
0.411777
0.411691
0.411604
0.411518
0.411432
0.411346
0.41126
0.411173
0.411091
0.411008
0.410926
0.410843
0.41076
0.410678
0.410595
0.410512
0.41043
0.410347
0.410264
0.410182
0.410099
0.410016
0.409934
0.409851
0.409768
0.409686
0.409603
0.409521
0.409438
0.409355
0.409273
0.40919
0.409107
0.409025
0.408942
0.408859
0.408777
0.408694
0.408611
0.408529
0.408446
0.408363
0.408281
0.408198
0.408116
0.408033
0.407952
0.407872
0.407791
0.407711
0.40763
0.40755
0.407469
0.407389
0.407308
0.407228
0.407147
0.407067
0.406986
0.406906
0.406825
0.406744
0.406664
0.406583
0.406503
0.406422
0.406342
0.406261
0.406181
0.4061
0.40602
0.405939
0.405859
0.40578
0.405701
0.405621
0.405542
0.405463
0.405384
0.405305
0.405226
0.405147
0.405068
0.404989
0.404913
0.404837
0.404761
0.404685
0.404608
0.404532
0.404456
0.40438
0.404304
0.404228
0.404152
0.404076
0.404
0.403924
0.403848
0.403771
0.403695
0.403619
0.403543
0.403467
0.403391
0.403315
0.403239
0.403163
0.403087
0.40301
0.402934
0.402858
0.402782
0.402706
0.40263
0.402554
0.402478
0.402402
0.402326
0.402249
0.402173
0.402097
0.402021
0.401945
0.401869
0.401793
0.401717
0.401641
0.401565
0.401488
0.401412
0.401336
0.40126
0.401184
0.401108
0.401032
0.400956
0.40088
0.400804
0.400727
0.400651
0.400575
0.400499
0.400423
0.400347
0.400271
0.400195
0.400119
0.400043
0.399966
0.39989
0.399814
0.399738
0.399662
0.399586
0.39951
0.399434
0.399358
0.399282
0.399206
0.399129
0.399053
0.398977
0.398901
0.398828
0.398755
0.398682
0.398609
0.398536
0.398463
0.39839
0.398317
0.398244
0.39817
0.398097
0.398024
0.397951
0.397878
0.397805
0.397732
0.397659
0.397586
0.397513
0.39744
0.397367
0.397294
0.397221
0.397148
0.397074
0.397001
0.396928
0.396855
0.396782
0.396709
0.396636
0.396563
0.39649
0.396417
0.396344
0.396271
0.396198
0.396125
0.396052
0.395979
0.395905
0.395832
0.395759
0.395686
0.395613
0.39554
0.395467
0.395394
0.395321
0.395248
0.395175
0.395102
0.395029
0.394956
0.394883
0.39481
0.394736
0.394663
0.39459
0.394517
0.394444
0.394371
0.394298
0.394225
0.394152
0.394079
0.394006
0.393933
0.39386
0.393787
0.393714
0.39364
0.393567
0.393494
0.393421
0.393348
0.393275
0.393202
0.393129
0.393056
0.392983
0.39291
0.392841
0.392773
0.392704
0.392636
0.392567
0.392499
0.39243
0.392362
0.392293
0.392224
0.392156
0.392087
0.392019
0.39195
0.391882
0.391813
0.391745
0.391676
0.391608
0.391539
0.39147
0.391402
0.391333
0.391265
0.391196
0.391128
0.391059
0.390991
0.390922
0.390854
0.390785
0.390716
0.390648
0.390579
0.390511
0.390442
0.390374
0.390305
0.390237
0.390168
0.3901
0.390031
0.389963
0.389895
0.389828
0.38976
0.389693
0.389625
0.389558
0.389491
0.389423
0.389356
0.389288
0.389221
0.389154
0.389086
0.389019
0.388951
0.388884
0.388816
0.388749
0.388682
0.388614
0.388547
0.388479
0.388412
0.388344
0.388277
0.38821
0.388142
0.388075
0.388007
0.38794
0.387873
0.387805
0.387738
0.38767
0.387603
0.387535
0.387468
0.387401
0.387333
0.387266
0.387198
0.387131
0.387064
0.386998
0.386932
0.386866
0.3868
0.386734
0.386668
0.386602
0.386536
0.386471
0.386405
0.386339
0.386273
0.386207
0.386141
0.386075
0.386009
0.385943
0.385878
0.385812
0.385746
0.38568
0.385614
0.385548
0.385482
0.385416
0.38535
0.385285
0.385219
0.385153
0.385087
0.385021
0.384955
0.384889
0.384823
0.384758
0.384692
0.384626
0.38456
0.384494
0.384428
0.384362
0.384296
0.38423
0.384165
0.3841
0.384036
0.383971
0.383907
0.383842
0.383778
0.383714
0.383649
0.383585
0.38352
0.383456
0.383391
0.383327
0.383263
0.383198
0.383134
0.383069
0.383005
0.382941
0.382876
0.382812
0.382747
0.382683
0.382618
0.382554
0.38249
0.382425
0.382361
0.382296
0.382232
0.382167
0.382103
0.382039
0.381974
0.38191
0.381845
0.381781
0.381717
0.381652
0.381588
0.381523
0.381459
0.381394
0.38133
0.381266
0.381204
0.381142
0.38108
0.381018
0.380956
0.380894
0.380832
0.38077
0.380708
0.380646
0.380584
0.380522
0.38046
0.380398
0.380336
0.380274
0.380212
0.38015
0.380088
0.380026
0.379964
0.379902
0.37984
0.379778
0.379716
0.379654
0.379592
0.37953
0.379468
0.379406
0.379344
0.379283
0.379221
0.379159
0.379097
0.379035
0.378973
0.378911
0.378849
0.378787
0.378725
0.378663
0.378601
0.378539
0.378477
0.378415
0.378354
0.378294
0.378233
0.378172
0.378112
0.378051
0.37799
0.37793
0.377869
0.377808
0.377748
0.377687
0.377626
0.377566
0.377505
0.377444
0.377384
0.377323
0.377263
0.377202
0.377141
0.377081
0.37702
0.376959
0.376899
0.376838
0.376777
0.376717
0.376656
0.376595
0.376535
0.376474
0.376413
0.376353
0.376292
0.376231
0.376171
0.37611
0.376049
0.375989
0.375928
0.375867
0.375807
0.375746
0.375686
0.375625
0.375564
0.375507
0.375449
0.375392
0.375335
0.375277
0.37522
0.375163
0.375105
0.375048
0.37499
0.374933
0.374876
0.374818
0.374761
0.374704
0.374646
0.374589
0.374531
0.374474
0.374417
0.374359
0.374302
0.374245
0.374187
0.37413
0.374072
0.374015
0.373958
0.3739
0.373843
0.373786
0.373728
0.373671
0.373613
0.373556
0.373499
0.373441
0.373384
0.373327
0.373269
0.373212
0.373154
0.373097
0.37304
0.372982
0.372925
0.372868
0.37281
0.372751
0.372691
0.372632
0.372573
0.372513
0.372454
0.372394
0.372335
0.372276
0.372216
0.372157
0.372097
0.372038
0.371979
0.371919
0.37186
0.371801
0.371741
0.371682
0.371622
0.371563
0.371504
0.371444
0.371385
0.371325
0.371266
0.371207
0.371147
0.371088
0.371029
0.370969
0.37091
0.37085
0.370791
0.370732
0.370672
0.370613
0.370553
0.370494
0.370435
0.370375
0.370316
0.370256
0.370197
0.370138
0.370078
0.370019
0.36996
0.369904
0.369849
0.369794
0.369739
0.369684
0.369629
0.369574
0.369519
0.369464
0.369409
0.369354
0.369299
0.369243
0.369188
0.369133
0.369078
0.369023
0.368968
0.368913
0.368858
0.368803
0.368748
0.368693
0.368638
0.368582
0.368527
0.368472
0.368417
0.368362
0.368307
0.368252
0.368197
0.368142
0.368087
0.368032
0.367977
0.367922
0.367866
0.367811
0.367756
0.367701
0.367646
0.367591
0.367536
0.367481
0.367426
0.367371
0.367316
0.367261
0.367205
0.367151
0.367097
0.367043
0.366989
0.366935
0.366881
0.366827
0.366773
0.366719
0.366665
0.366611
0.366557
0.366503
0.366449
0.366395
0.366341
0.366287
0.366233
0.366179
0.366125
0.366071
0.366017
0.365963
0.365909
0.365855
0.365801
0.365747
0.365693
0.365639
0.365585
0.365531
0.365477
0.365423
0.365369
0.365315
0.365261
0.365207
0.365153
0.365099
0.365045
0.364991
0.364937
0.364883
0.364829
0.364775
0.364721
0.364667
0.364613
0.364559
0.364505
0.364451
0.364397
0.364343
0.364289
0.364235
0.364181
0.364127
0.364073
0.364019
0.363965
0.363911
0.363857
0.363803
0.363749
0.363695
0.363641
0.363587
0.363533
0.363479
0.363425
0.363371
0.363317
0.363263
0.363209
0.363155
0.363101
0.363047
0.362993
0.362939
0.362885
0.362831
0.362777
0.362723
0.362669
0.362615
0.362561
0.362507
0.362453
0.362399
0.362345
0.362291
0.362237
0.362183
0.362129
0.362075
0.362021
0.361967
0.361913
0.361859
0.361805
0.361751
0.361697
0.361645
0.361593
0.361541
0.36149
0.361438
0.361386
0.361334
0.361282
0.36123
0.361178
0.361126
0.361074
0.361022
0.36097
0.360918
0.360866
0.360814
0.360762
0.36071
0.360658
0.360606
0.360554
0.360502
0.36045
0.360398
0.360346
0.360294
0.360242
0.36019
0.360139
0.360087
0.360035
0.359983
0.359931
0.359879
0.359827
0.359775
0.359723
0.359671
0.359619
0.359567
0.359515
0.359463
0.359411
0.359359
0.359307
0.359255
0.359203
0.359151
0.359099
0.359047
0.358995
0.358943
0.358893
0.358843
0.358793
0.358743
0.358693
0.358643
0.358592
0.358542
0.358492
0.358442
0.358392
0.358342
0.358292
0.358241
0.358191
0.358141
0.358091
0.358041
0.357991
0.357941
0.35789
0.35784
0.35779
0.35774
0.35769
0.35764
0.35759
0.357539
0.357489
0.357439
0.357389
0.357339
0.357289
0.357239
0.357188
0.357138
0.357088
0.357038
0.356988
0.356938
0.356888
0.356837
0.356787
0.356737
0.356687
0.356637
0.356587
0.356537
0.356486
0.356436
0.356386
0.356336
0.356286
0.356237
0.356188
0.356138
0.356089
0.35604
0.355991
0.355942
0.355892
0.355843
0.355794
0.355745
0.355696
0.355646
0.355597
0.355548
0.355499
0.35545
0.3554
0.355351
0.355302
0.355253
0.355204
0.355154
0.355105
0.355056
0.355007
0.354958
0.354908
0.354859
0.35481
0.354761
0.354712
0.354663
0.354613
0.354564
0.354515
0.354466
0.354417
0.354367
0.354318
0.354269
0.35422
0.354171
0.354121
0.354072
0.354023
0.353974
0.353925
0.353875
0.353826
0.353777
0.353728
0.353679
0.353629
0.35358
0.353532
0.353484
0.353435
0.353387
0.353339
0.35329
0.353242
0.353194
0.353145
0.353097
0.353049
0.353
0.352952
0.352904
0.352855
0.352807
0.352759
0.352711
0.352662
0.352614
0.352566
0.352517
0.352469
0.352421
0.352372
0.352324
0.352276
0.352227
0.352179
0.352131
0.352082
0.352034
0.351986
0.351937
0.351889
0.351841
0.351792
0.351744
0.351696
0.351648
0.351599
0.351551
0.351503
0.351454
0.351406
0.351358
0.351309
0.351261
0.351213
0.351164
0.351116
0.351068
0.351019
0.350971
0.350923
0.350874
0.350828
0.350781
0.350735
0.350688
0.350641
0.350595
0.350548
0.350502
0.350455
0.350408
0.350362
0.350315
0.350268
0.350222
0.350175
0.350129
0.350082
0.350035
0.349989
0.349942
0.349895
0.349849
0.349802
0.349756
0.349709
0.349662
0.349616
0.349569
0.349522
0.349476
0.349429
0.349383
0.349336
0.349289
0.349243
0.349196
0.349149
0.349103
0.349056
0.34901
0.348963
0.348916
0.34887
0.348823
0.348777
0.34873
0.348683
0.348637
0.34859
0.348543
0.348497
0.34845
0.348404
0.348357
0.34831
0.348264
0.348217
0.348171
0.348126
0.34808
0.348034
0.347989
0.347943
0.347897
0.347851
0.347806
0.34776
0.347714
0.347669
0.347623
0.347577
0.347532
0.347486
0.34744
0.347394
0.347349
0.347303
0.347257
0.347212
0.347166
0.34712
0.347074
0.347029
0.346983
0.346937
0.346892
0.346846
0.3468
0.346755
0.346709
0.346663
0.346617
0.346572
0.346526
0.346482
0.346439
0.346395
0.346351
0.346307
0.346264
0.34622
0.346176
0.346133
0.346089
0.346045
0.346001
0.345958
0.345914
0.34587
0.345827
0.345783
0.345739
0.345695
0.345652
0.345608
0.345563
0.345518
0.345473
0.345428
0.345383
0.345338
0.345293
0.345248
0.345203
0.345158
0.345113
0.345068
0.345022
0.344977
0.344932
0.344887
0.344842
0.344797
0.344752
0.344707
0.344662
0.344617
0.344572
0.344527
0.344482
0.344437
0.344392
0.344347
0.344302
0.344257
0.344212
0.344167
0.344122
0.344077
0.344032
0.343987
0.343941
0.343896
0.343851
0.343806
0.343761
0.343716
0.343671
0.343626
0.343581
0.343536
0.343491
0.343446
0.343401
0.343356
0.343311
0.343266
0.343221
0.343176
0.343131
0.343086
0.343041
0.342996
0.342951
0.342906
0.342862
0.342818
0.342773
0.342729
0.342685
0.342641
0.342596
0.342552
0.342508
0.342463
0.342419
0.342375
0.342331
0.342286
0.342242
0.342198
0.342153
0.342109
0.342065
0.34202
0.341976
0.341932
0.341888
0.341843
0.341799
0.341755
0.34171
0.341666
0.341622
0.341578
0.341533
0.341489
0.341445
0.3414
0.341356
0.341312
0.341268
0.341223
0.341179
0.341135
0.34109
0.341046
0.341002
0.340958
0.340913
0.340869
0.340825
0.34078
0.340736
0.340692
0.340647
0.340603
0.340559
0.340515
0.34047
0.340426
0.340382
0.340337
0.340293
0.340251
0.340209
0.340167
0.340125
0.340083
0.340041
0.339999
0.339957
0.339915
0.339873
0.339831
0.339789
0.339747
0.339705
0.339663
0.339621
0.33958
0.339538
0.339496
0.339454
0.339412
0.33937
0.339328
0.339286
0.339244
0.339202
0.33916
0.339118
0.339076
0.339034
0.338992
0.33895
0.338908
0.338866
0.338824
0.338782
0.33874
0.338698
0.338656
0.338614
0.338572
0.33853
0.338488
0.338446
0.338404
0.338362
0.33832
0.338278
0.338236
0.338194
0.338152
0.33811
0.338068
0.338026
0.337984
0.337942
0.3379
0.337858
0.337816
0.337774
0.337732
0.337691
0.33765
0.337608
0.337567
0.337525
0.337484
0.337442
0.337401
0.33736
0.337318
0.337277
0.337235
0.337194
0.337153
0.337111
0.33707
0.337028
0.336987
0.336946
0.336904
0.336863
0.336821
0.33678
0.336738
0.336697
0.336656
0.336614
0.336573
0.336531
0.33649
0.336449
0.336407
0.336366
0.336324
0.336283
0.336241
0.3362
0.336159
0.336117
0.336076
0.336034
0.335993
0.335952
0.33591
0.335869
0.335827
0.335786
0.335745
0.335703
0.335662
0.33562
0.335579
0.335537
0.335496
0.335455
0.335413
0.335372
0.33533
0.335289
0.335248
0.335206
0.335165
0.335123
0.335083
0.335043
0.335003
0.334963
0.334923
0.334883
0.334843
0.334803
0.334763
0.334723
0.334683
0.334643
0.334603
0.334563
0.334523
0.334483
0.334443
0.334403
0.334363
0.334323
0.334283
0.334243
0.334203
0.334163
0.334123
0.334083
0.334043
0.334003
0.333963
0.333923
0.333883
0.333843
0.333803
0.333763
0.333723
0.333683
0.333643
0.333603
0.333563
0.333523
0.333483
0.333443
0.333403
0.333363
0.333323
0.333283
0.333243
0.333203
0.333163
0.333123
0.333083
0.333043
0.333003
0.332963
0.332923
0.332883
0.332843
0.332803
0.332763
0.332723
0.332683
0.332643
0.332603
0.332563
0.332523
0.332484
0.332444
0.332405
0.332366
0.332326
0.332287
0.332247
0.332208
0.332169
0.332129
0.33209
0.33205
0.332011
0.331972
0.331932
0.331893
0.331853
0.331814
0.331775
0.331735
0.331696
0.331656
0.331617
0.331578
0.331538
0.331499
0.331459
0.33142
0.331381
0.331341
0.331302
0.331262
0.331223
0.331184
0.331144
0.331105
0.331065
0.331026
0.330987
0.330947
0.330908
0.330868
0.330829
0.33079
0.33075
0.330711
0.330671
0.330632
0.330593
0.330553
0.330514
0.330475
0.330435
0.330396
0.330356
0.330317
0.330278
0.330238
0.330199
0.330159
0.33012
0.330081
0.330041
0.330002
0.329963
0.329924
0.329885
0.329847
0.329808
0.329769
0.32973
0.329691
0.329653
0.329614
0.329575
0.329536
0.329497
0.329459
0.32942
0.329381
0.329342
0.329303
0.329265
0.329226
0.329187
0.329148
0.329109
0.329071
0.329032
0.328993
0.328954
0.328915
0.328877
0.328838
0.328799
0.32876
0.328721
0.328683
0.328644
0.328605
0.328566
0.328527
0.328489
0.32845
0.328411
0.328372
0.328333
0.328295
0.328256
0.328217
0.328178
0.328139
0.328101
0.328062
0.328023
0.327984
0.327945
0.327907
0.327868
0.327829
0.32779
0.327751
0.327713
0.327674
0.327635
0.327596
0.327557
0.327519
0.32748
0.327441
0.327403
0.327366
0.327328
0.32729
0.327253
0.327215
0.327177
0.32714
0.327102
0.327064
0.327027
0.326989
0.326951
0.326914
0.326876
0.326838
0.326801
0.326763
0.326725
0.326688
0.32665
0.326613
0.326575
0.326537
0.3265
0.326462
0.326424
0.326387
0.326349
0.326311
0.326274
0.326236
0.326198
0.326161
0.326123
0.326085
0.326048
0.32601
0.325972
0.325935
0.325897
0.325859
0.325822
0.325784
0.325746
0.325709
0.325671
0.325633
0.325596
0.325558
0.32552
0.325483
0.325445
0.325407
0.32537
0.325332
0.325294
0.325257
0.325219
0.325181
0.325144
0.325106
0.325069
0.325031
0.324993
0.324956
0.324918
0.32488
0.324844
0.324807
0.324771
0.324735
0.324698
0.324662
0.324625
0.324589
0.324553
0.324516
0.32448
0.324443
0.324407
0.32437
0.324334
0.324298
0.324261
0.324225
0.324188
0.324152
0.324116
0.324079
0.324043
0.324006
0.32397
0.323933
0.323897
0.323861
0.323824
0.323788
0.323751
0.323715
0.323679
0.323642
0.323606
0.323569
0.323533
0.323497
0.32346
0.323424
0.323387
0.323351
0.323314
0.323278
0.323242
0.323205
0.323169
0.323132
0.323096
0.32306
0.323023
0.322987
0.32295
0.322914
0.322878
0.322841
0.322805
0.322768
0.322732
0.322695
0.322659
0.322623
0.322586
0.32255
0.322513
0.322477
0.322441
0.322404
0.322368
0.322331
0.322295
0.322258
0.322221
0.322185
0.322148
0.322112
0.322075
0.322039
0.322002
0.321965
0.321929
0.321892
0.321856
0.321819
0.321782
0.321746
0.321709
0.321673
0.321636
0.3216
0.321563
0.321526
0.32149
0.321453
0.321417
0.32138
0.321343
0.321307
0.32127
0.321234
0.321197
0.321161
0.321124
0.321087
0.321051
0.321014
0.320978
0.320941
0.320904
0.320868
0.320831
0.320795
0.320758
0.320722
0.320685
0.320648
0.320612
0.320575
0.320539
0.320502
0.320465
0.320429
0.320392
0.320356
0.320319
0.320283
0.320246
0.320209
0.320173
0.320136
0.3201
0.320063
0.320026
0.31999
0.319953
0.319917
0.31988
0.319844
0.319807
0.319772
0.319737
0.319702
0.319667
0.319633
0.319598
0.319563
0.319528
0.319493
0.319458
0.319423
0.319388
0.319353
0.319318
0.319284
0.319249
0.319214
0.319179
0.319144
0.319109
0.319074
0.319039
0.319004
0.318969
0.318935
0.3189
0.318865
0.31883
0.318795
0.31876
0.318725
0.31869
0.318655
0.318621
0.318586
0.318551
0.318516
0.318481
0.318446
0.318411
0.318376
0.318341
0.318306
0.318272
0.318237
0.318202
0.318167
0.318132
0.318097
0.318062
0.318027
0.317992
0.317958
0.317923
0.317888
0.317853
0.317818
0.317783
0.317748
0.317713
0.317678
0.317643
0.317609
0.317574
0.317539
0.317504
0.317469
0.317434
0.317399
0.317364
0.317329
0.317295
0.317261
0.317227
0.317193
0.31716
0.317126
0.317092
0.317058
0.317024
0.316991
0.316957
0.316923
0.316889
0.316856
0.316822
0.316788
0.316754
0.316721
0.316687
0.316653
0.316619
0.316586
0.316552
0.316518
0.316484
0.316451
0.316417
0.316383
0.316349
0.316316
0.316282
0.316248
0.316214
0.316181
0.316147
0.316113
0.316079
0.316046
0.316012
0.315978
0.315944
0.315911
0.315877
0.315843
0.315809
0.315776
0.315742
0.315708
0.315674
0.31564
0.315607
0.315573
0.315539
0.315505
0.315472
0.315438
0.315404
0.31537
0.315337
0.315303
0.315269
0.315235
0.315202
0.315168
0.315134
0.3151
0.315067
0.315033
0.314999
0.314965
0.314932
0.314898
0.314864
0.31483
0.314796
0.314762
0.314729
0.314695
0.314661
0.314627
0.314593
0.314559
0.314525
0.314491
0.314457
0.314423
0.314389
0.314355
0.314321
0.314287
0.314253
0.314219
0.314185
0.314151
0.314117
0.314083
0.314049
0.314016
0.313982
0.313948
0.313914
0.31388
0.313846
0.313812
0.313778
0.313744
0.31371
0.313676
0.313642
0.313608
0.313574
0.31354
0.313506
0.313472
0.313438
0.313404
0.31337
0.313336
0.313303
0.313269
0.313235
0.313201
0.313167
0.313133
0.313099
0.313065
0.313031
0.312997
0.312963
0.312929
0.312895
0.312861
0.312827
0.312793
0.312759
0.312725
0.312691
0.312657
0.312623
0.31259
0.312556
0.312522
0.312488
0.312454
0.31242
0.312386
0.312352
0.312318
0.312285
0.312253
0.312221
0.312188
0.312156
0.312123
0.312091
0.312059
0.312026
0.311994
0.311961
0.311929
0.311896
0.311864
0.311832
0.311799
0.311767
0.311734
0.311702
0.311669
0.311637
0.311605
0.311572
0.31154
0.311507
0.311475
0.311442
0.31141
0.311378
0.311345
0.311313
0.31128
0.311248
0.311216
0.311183
0.311151
0.311118
0.311086
0.311053
0.311021
0.310989
0.310956
0.310924
0.310891
0.310859
0.310826
0.310794
0.310762
0.310729
0.310697
0.310664
0.310632
0.3106
0.310567
0.310535
0.310502
0.31047
0.310437
0.310405
0.310373
0.31034
0.310308
0.310275
0.310243
0.31021
0.310178
0.310146
0.310113
0.310081
0.310048
0.310016
0.309983
0.309951
0.309919
0.309886
0.309854
0.309823
0.309792
0.309761
0.30973
0.309699
0.309668
0.309637
0.309606
0.309575
0.309544
0.309513
0.309482
0.309451
0.30942
0.309389
0.309358
0.309327
0.309296
0.309265
0.309234
0.309203
0.309172
0.309141
0.30911
0.309079
0.309048
0.309018
0.308987
0.308956
0.308925
0.308894
0.308863
0.308832
0.308801
0.30877
0.308739
0.308708
0.308677
0.308646
0.308615
0.308584
0.308553
0.308522
0.308491
0.30846
0.308429
0.308398
0.308367
0.308336
