1000.000
1400.000
1800.000
2200.000
2600.000
3000.000
3400.000
3800.000
4200.000
4600.000
5000.000
5400.000
5800.000
6200.000
6600.000
7000.000
7400.000
7800.000
8200.000
8600.000
9000.000
9400.000
9800.000
10200.000
10600.000
11000.000
11400.000
11800.000
12200.000
12600.000
13000.000
13400.000
13800.000
14200.000
14600.000
15000.000
15400.000
15800.000
16200.000
16600.000
17000.000
17400.000
17800.000
18200.000
18600.000
19000.000
19400.000
19800.000
20200.000
20600.000
21000.000
21400.000
21800.000
22200.000
22600.000
23000.000
23400.000
23800.000
24200.000
24600.000
25000.000
25400.000
25800.000
26200.000
26600.000
27000.000
27400.000
27800.000
28200.000
28600.000
29000.000
29400.000
29800.000
30200.000
30600.000
31000.000
31400.000
31800.000
32200.000
32600.000
33000.000
33400.000
33800.000
34200.000
34600.000
35000.000
35400.000
35800.000
36200.000
36600.000
37000.000
37400.000
37800.000
38200.000
38600.000
39000.000
39400.000
39800.000
40200.000
40600.000
41000.000
41400.000
41800.000
42200.000
42600.000
43000.000
43400.000
43800.000
44200.000
44600.000
45000.000
45400.000
45800.000
46200.000
46600.000
47000.000
47400.000
47800.000
48200.000
48600.000
49000.000
49400.000
49800.000
50200.000
50600.000
51000.000
51400.000
51800.000
52200.000
52600.000
53000.000
53400.000
53800.000
54200.000
54600.000
55000.000
55400.000
55800.000
56200.000
56600.000
57000.000
57400.000
57800.000
58200.000
58600.000
59000.000
59400.000
59800.000
60200.000
60600.000
61000.000
61400.000
61800.000
62200.000
62600.000
63000.000
63400.000
63800.000
64200.000
64600.000
65000.000
65400.000
65800.000
66200.000
66600.000
67000.000
67400.000
67800.000
68200.000
68600.000
69000.000
69400.000
69800.000
70200.000
70600.000
71000.000
71400.000
71800.000
72200.000
72600.000
73000.000
73400.000
73800.000
74200.000
74600.000
75000.000
75400.000
75800.000
76200.000
76600.000
77000.000
77400.000
77800.000
78200.000
78600.000
79000.000
79400.000
79800.000
80200.000
80600.000
81000.000
81400.000
81800.000
82200.000
82600.000
83000.000
83400.000
83800.000
84200.000
84600.000
85000.000
85400.000
85800.000
86200.000
86600.000
87000.000
87400.000
87800.000
88200.000
88600.000
89000.000
89400.000
89800.000
90200.000
90600.000
91000.000
91400.000
91800.000
92200.000
92600.000
93000.000
93400.000
93800.000
94200.000
94600.000
95000.000
95400.000
95800.000
96200.000
96600.000
97000.000
97400.000
97800.000
98200.000
98600.000
99000.000
99400.000
99800.000
100200.000
100600.000
101000.000
101400.000
101800.000
102200.000
102600.000
103000.000
103400.000
103800.000
104200.000
104600.000
105000.000
105400.000
105800.000
106200.000
106600.000
107000.000
107400.000
107800.000
108200.000
108600.000
109000.000
109400.000
109800.000
110200.000
110600.000
111000.000
111400.000
111800.000
112200.000
112600.000
113000.000
113400.000
113800.000
114200.000
114600.000
115000.000
115400.000
115800.000
116200.000
116600.000
117000.000
117400.000
117800.000
118200.000
118600.000
119000.000
119400.000
119800.000
120200.000
120600.000
121000.000
121400.000
121800.000
122200.000
122600.000
123000.000
123400.000
123800.000
124200.000
124600.000
125000.000
125400.000
125800.000
126200.000
126600.000
127000.000
127400.000
127800.000
128200.000
128600.000
129000.000
129400.000
129800.000
130200.000
130600.000
131000.000
131400.000
131800.000
132200.000
132600.000
133000.000
133400.000
133800.000
134200.000
134600.000
135000.000
135400.000
135800.000
136200.000
136600.000
137000.000
137400.000
137800.000
138200.000
138600.000
139000.000
139400.000
139800.000
140200.000
140600.000
141000.000
141400.000
141800.000
142200.000
142600.000
143000.000
143400.000
143800.000
144200.000
144600.000
145000.000
145400.000
145800.000
146200.000
146600.000
147000.000
147400.000
147800.000
148200.000
148600.000
149000.000
149400.000
149800.000
150200.000
150600.000
151000.000
151400.000
151800.000
152200.000
152600.000
153000.000
153400.000
153800.000
154200.000
154600.000
155000.000
155400.000
155800.000
156200.000
156600.000
157000.000
157400.000
157800.000
158200.000
158600.000
159000.000
159400.000
159800.000
160200.000
160600.000
161000.000
161400.000
161800.000
162200.000
162600.000
163000.000
163400.000
163800.000
164200.000
164600.000
165000.000
165400.000
165800.000
166200.000
166600.000
167000.000
167400.000
167800.000
168200.000
168600.000
169000.000
169400.000
169800.000
170200.000
170600.000
171000.000
171400.000
171800.000
172200.000
172600.000
173000.000
173400.000
173800.000
174200.000
174600.000
175000.000
175400.000
175800.000
176200.000
176600.000
177000.000
177400.000
177800.000
178200.000
178600.000
179000.000
179400.000
179800.000
180200.000
180600.000
181000.000
181400.000
181800.000
182200.000
182600.000
183000.000
183400.000
183800.000
184200.000
184600.000
185000.000
185400.000
185800.000
186200.000
186600.000
187000.000
187400.000
187800.000
188200.000
188600.000
189000.000
189400.000
189800.000
190200.000
190600.000
191000.000
191400.000
191800.000
192200.000
192600.000
193000.000
193400.000
193800.000
194200.000
194600.000
195000.000
195400.000
195800.000
196200.000
196600.000
197000.000
197400.000
197800.000
198200.000
198600.000
199000.000
199400.000
199800.000
200200.000
200600.000
201000.000
201400.000
201800.000
202200.000
202600.000
203000.000
203400.000
203800.000
204200.000
204600.000
205000.000
205400.000
205800.000
206200.000
206600.000
207000.000
207400.000
207800.000
208200.000
208600.000
209000.000
209400.000
209800.000
210200.000
210600.000
211000.000
211400.000
211800.000
212200.000
212600.000
213000.000
213400.000
213800.000
214200.000
214600.000
215000.000
215400.000
215800.000
216200.000
216600.000
217000.000
217400.000
217800.000
218200.000
218600.000
219000.000
219400.000
219800.000
220200.000
220600.000
221000.000
221400.000
221800.000
222200.000
222600.000
223000.000
223400.000
223800.000
224200.000
224600.000
225000.000
225400.000
225800.000
226200.000
226600.000
227000.000
227400.000
227800.000
228200.000
228600.000
229000.000
229400.000
229800.000
230200.000
230600.000
231000.000
231400.000
231800.000
232200.000
232600.000
233000.000
233400.000
233800.000
234200.000
234600.000
235000.000
235400.000
235800.000
236200.000
236600.000
237000.000
237400.000
237800.000
238200.000
238600.000
239000.000
239400.000
239800.000
240200.000
240600.000
241000.000
241400.000
241800.000
242200.000
242600.000
243000.000
243400.000
243800.000
244200.000
244600.000
245000.000
245400.000
245800.000
246200.000
246600.000
247000.000
247400.000
247800.000
248200.000
248600.000
249000.000
249400.000
249800.000
250200.000
250600.000
251000.000
251400.000
251800.000
252200.000
252600.000
253000.000
253400.000
253800.000
254200.000
254600.000
255000.000
255400.000
255800.000
256200.000
256600.000
257000.000
257400.000
257800.000
258200.000
258600.000
259000.000
259400.000
259800.000
260200.000
260600.000
261000.000
261400.000
261800.000
262200.000
262600.000
263000.000
263400.000
263800.000
264200.000
264600.000
265000.000
265400.000
265800.000
266200.000
266600.000
267000.000
267400.000
267800.000
268200.000
268600.000
269000.000
269400.000
269800.000
270200.000
270600.000
271000.000
271400.000
271800.000
272200.000
272600.000
273000.000
273400.000
273800.000
274200.000
274600.000
275000.000
275400.000
275800.000
276200.000
276600.000
277000.000
277400.000
277800.000
278200.000
278600.000
279000.000
279400.000
279800.000
280200.000
280600.000
281000.000
281400.000
281800.000
282200.000
282600.000
283000.000
283400.000
283800.000
284200.000
284600.000
285000.000
285400.000
285800.000
286200.000
286600.000
287000.000
287400.000
287800.000
288200.000
288600.000
289000.000
289400.000
289800.000
290200.000
290600.000
291000.000
291400.000
291800.000
292200.000
292600.000
293000.000
293400.000
293800.000
294200.000
294600.000
295000.000
295400.000
295800.000
296200.000
296600.000
297000.000
297400.000
297800.000
298200.000
298600.000
299000.000
299400.000
299800.000
300200.000
300600.000
301000.000
301400.000
301800.000
302200.000
302600.000
303000.000
303400.000
303800.000
304200.000
304600.000
305000.000
305400.000
305800.000
306200.000
306600.000
307000.000
307400.000
307800.000
308200.000
308600.000
309000.000
309400.000
309800.000
310200.000
310600.000
311000.000
311400.000
311800.000
312200.000
312600.000
313000.000
313400.000
313800.000
314200.000
314600.000
315000.000
315400.000
315800.000
316200.000
316600.000
317000.000
317400.000
317800.000
318200.000
318600.000
319000.000
319400.000
319800.000
320200.000
320600.000
321000.000
321400.000
321800.000
322200.000
322600.000
323000.000
323400.000
323800.000
324200.000
324600.000
325000.000
325400.000
325800.000
326200.000
326600.000
327000.000
327400.000
327800.000
328200.000
328600.000
329000.000
329400.000
329800.000
330200.000
330600.000
331000.000
331400.000
331800.000
332200.000
332600.000
333000.000
333400.000
333800.000
334200.000
334600.000
335000.000
335400.000
335800.000
336200.000
336600.000
337000.000
337400.000
337800.000
338200.000
338600.000
339000.000
339400.000
339800.000
340200.000
340600.000
341000.000
341400.000
341800.000
342200.000
342600.000
343000.000
343400.000
343800.000
344200.000
344600.000
345000.000
345400.000
345800.000
346200.000
346600.000
347000.000
347400.000
347800.000
348200.000
348600.000
349000.000
349400.000
349800.000
350200.000
350600.000
351000.000
351400.000
351800.000
352200.000
352600.000
353000.000
353400.000
353800.000
354200.000
354600.000
355000.000
355400.000
355800.000
356200.000
356600.000
357000.000
357400.000
357800.000
358200.000
358600.000
359000.000
359400.000
359800.000
360200.000
360600.000
361000.000
361400.000
361800.000
362200.000
362600.000
363000.000
363400.000
363800.000
364200.000
364600.000
365000.000
365400.000
365800.000
366200.000
366600.000
367000.000
367400.000
367800.000
368200.000
368600.000
369000.000
369400.000
369800.000
370200.000
370600.000
371000.000
371400.000
371800.000
372200.000
372600.000
373000.000
373400.000
373800.000
374200.000
374600.000
375000.000
375400.000
375800.000
376200.000
376600.000
377000.000
377400.000
377800.000
378200.000
378600.000
379000.000
379400.000
379800.000
380200.000
380600.000
381000.000
381400.000
381800.000
382200.000
382600.000
383000.000
383400.000
383800.000
384200.000
384600.000
385000.000
385400.000
385800.000
386200.000
386600.000
387000.000
387400.000
387800.000
388200.000
388600.000
389000.000
389400.000
389800.000
390200.000
390600.000
391000.000
391400.000
391800.000
392200.000
392600.000
393000.000
393400.000
393800.000
394200.000
394600.000
395000.000
395400.000
395800.000
396200.000
396600.000
397000.000
397400.000
397800.000
398200.000
398600.000
399000.000
399400.000
399800.000
400200.000
400600.000
401000.000
